10	0.26
20	0.47
30	0.67
40	1.24
50	1.47
60	1.63
70	1.7
80	1.93
90	2.35
100	2.49
110	2.88
120	3.01
130	3.46
140	3.65
150	4.04
160	4.45
170	4.67
180	4.86
190	5.27
200	5.45
210	5.76
220	6.2
230	6.45
240	6.81
250	7.07
260	7.45
270	7.63
280	7.63
290	7.89
300	8.15
310	8.48
320	8.76
330	9.17
340	9.42
350	9.75
360	9.87
370	10.18
380	10.31
390	10.49
400	10.85
410	10.88
420	10.93
430	11.22
440	11.67
450	11.86
460	12.1
470	12.29
480	12.37
490	12.56
500	12.85
510	13.33
520	13.52
530	13.81
540	14.3
550	14.78
560	15.1
570	15.37
580	15.37
590	15.71
600	15.76
610	16.1
620	16.49
630	16.9
640	17.02
650	17.21
660	17.58
670	17.88
680	18.2
690	18.45
700	18.79
710	19.0
720	19.42
730	19.68
740	20.09
750	20.3
760	20.85
770	21.24
780	21.45
790	21.65
800	21.88
810	22.12
820	22.44
830	22.61
840	22.95
850	23.18
860	23.44
870	23.65
880	24.0
890	24.26
900	24.71
910	24.97
920	25.22
930	25.54
940	25.98
950	26.2
960	26.42
970	26.78
980	26.97
990	27.27
1000	27.46
1010	27.59
1020	27.88
1030	28.3
1040	28.6
1050	28.82
1060	29.1
1070	29.29
1080	29.48
1090	29.83
1100	29.98
1110	30.01
1120	30.31
1130	30.56
1140	30.96
1150	31.28
1160	31.53
1170	31.64
1180	31.95
1190	32.26
1200	32.51
1210	32.91
1220	33.09
1230	33.27
1240	33.47
1250	33.69
1260	34.01
1270	34.52
1280	34.69
1290	35.11
1300	35.47
1310	35.92
1320	36.17
1330	36.36
1340	36.47
1350	36.61
1360	36.91
1370	37.04
1380	37.19
1390	37.7
1400	37.91
1410	38.17
1420	38.43
1430	38.63
1440	38.79
1450	39.04
1460	39.25
1470	39.52
1480	39.91
1490	40.38
1500	40.45
1510	40.58
1520	40.87
1530	41.17
1540	41.41
1550	41.8
1560	41.94
1570	42.17
1580	42.36
1590	42.65
1600	42.93
1610	43.39
1620	43.64
1630	44.02
1640	44.26
1650	44.54
1660	44.94
1670	45.2
1680	45.62
1690	46.01
1700	46.45
1710	46.76
1720	47.16
1730	47.58
1740	47.94
1750	48.09
1760	48.4
1770	48.74
1780	48.85
1790	48.96
1800	49.18
1810	49.46
1820	49.72
1830	50.03
1840	50.23
1850	50.28
1860	50.6
1870	50.83
1880	51.17
1890	51.09
1900	51.36
1910	51.56
1920	51.79
1930	52.24
1940	52.5
1950	53.01
1960	53.24
1970	53.55
1980	53.99
1990	54.38
2000	54.89
2010	55.03
2020	55.26
2030	55.46
2040	55.72
2050	55.9
2060	56.28
2070	56.57
2080	56.99
2090	56.97
2100	57.11
2110	57.43
2120	57.59
2130	58.08
2140	58.17
2150	58.25
2160	58.5
2170	58.81
2180	59.15
2190	59.38
2200	59.58
2210	59.79
2220	60.28
2230	60.6
2240	60.6
2250	60.99
2260	61.34
2270	61.62
2280	61.81
2290	62.18
2300	62.4
2310	62.45
2320	62.6
2330	62.94
2340	63.03
2350	63.14
2360	63.44
2370	63.73
2380	63.95
2390	64.27
2400	64.6
2410	64.79
2420	65.24
2430	65.52
2440	65.66
2450	65.97
2460	66.27
2470	66.51
2480	66.7
2490	66.84
2500	67.11
2510	67.4
2520	67.5
2530	67.48
2540	67.83
2550	68.14
2560	68.49
2570	68.81
2580	69.12
2590	69.33
2600	69.58
2610	70.04
2620	70.2
2630	70.41
2640	70.54
2650	70.8
2660	71.07
2670	71.58
2680	71.71
2690	71.97
2700	72.29
2710	72.46
2720	72.74
2730	73.26
2740	73.6
2750	73.82
2760	74.06
2770	74.37
2780	74.31
2790	74.75
2800	74.92
2810	75.09
2820	75.21
2830	75.29
2840	75.57
2850	75.67
2860	76.1
2870	76.24
2880	76.55
2890	76.76
2900	76.91
2910	77.16
2920	77.39
2930	77.63
2940	77.83
2950	78.2
2960	78.39
2970	78.72
2980	78.91
2990	79.27
3000	79.5
3010	79.88
3020	80.0
3030	80.08
3040	80.23
3050	80.73
3060	80.87
3070	81.07
3080	81.45
3090	81.6
3100	82.02
3110	82.27
3120	82.5
3130	82.77
3140	82.97
3150	83.2
3160	83.43
3170	83.65
3180	83.9
3190	84.21
3200	84.44
3210	84.81
3220	85.16
3230	85.36
3240	85.48
3250	85.91
3260	86.08
3270	86.49
3280	86.69
3290	86.94
3300	87.07
3310	87.24
3320	87.49
3330	87.87
3340	87.98
3350	88.19
3360	88.41
3370	88.59
3380	88.79
3390	88.89
3400	89.1
3410	89.16
3420	89.3
3430	89.57
3440	89.71
3450	89.87
3460	90.31
3470	90.65
3480	91.0
3490	91.39
3500	91.52
3510	91.73
3520	91.87
3530	92.02
3540	92.35
3550	92.54
3560	92.81
3570	92.99
3580	93.34
3590	93.56
3600	93.76
3610	93.98
3620	94.25
3630	94.72
3640	94.77
3650	94.96
3660	95.29
3670	95.7
3680	95.81
3690	96.06
3700	96.29
3710	96.46
3720	96.82
3730	97.22
3740	97.48
3750	97.73
3760	97.81
3770	98.04
3780	98.25
3790	98.58
3800	98.94
3810	99.38
3820	99.61
3830	99.93
3840	100.16
3850	100.4
3860	100.63
3870	100.85
3880	100.95
3890	101.01
3900	101.42
3910	101.57
3920	101.63
3930	101.63
3940	101.8
3950	102.03
3960	102.21
3970	102.45
3980	102.65
3990	102.88
4000	103.06
4010	103.12
4020	103.38
4030	103.51
4040	103.9
4050	104.09
4060	104.17
4070	104.4
4080	104.67
4090	104.77
4100	104.91
4110	105.29
4120	105.49
4130	105.86
4140	106.11
4150	106.28
4160	106.52
4170	106.53
4180	106.55
4190	106.71
4200	106.77
4210	106.93
4220	106.89
4230	107.1
4240	107.16
4250	107.47
4260	107.78
4270	107.98
4280	108.27
4290	108.57
4300	108.74
4310	108.87
4320	109.11
4330	109.2
4340	109.38
4350	109.5
4360	109.86
4370	110.11
4380	110.12
4390	110.52
4400	110.94
4410	111.16
4420	111.39
4430	111.74
4440	111.91
4450	112.1
4460	112.24
4470	112.75
4480	112.85
4490	112.95
4500	113.13
4510	113.35
4520	113.59
4530	113.95
4540	114.16
4550	114.43
4560	114.73
4570	115.16
4580	115.29
4590	115.49
4600	115.95
4610	116.26
4620	116.67
4630	116.99
4640	117.39
4650	117.72
4660	117.99
4670	118.25
4680	118.48
4690	118.83
4700	118.95
4710	119.13
4720	119.4
4730	119.47
4740	119.81
4750	119.98
4760	119.91
4770	120.39
4780	120.79
4790	121.13
4800	121.26
4810	121.43
4820	121.61
4830	121.75
4840	121.88
4850	122.24
4860	122.39
4870	122.88
4880	123.15
4890	123.37
4900	123.52
4910	123.79
4920	123.96
4930	124.19
4940	124.42
4950	124.58
4960	124.67
4970	124.97
4980	125.24
4990	125.43
5000	125.65
5010	125.82
5020	126.07
5030	126.15
5040	126.11
5050	126.21
5060	126.26
5070	126.47
5080	126.54
5090	126.71
5100	126.95
5110	127.33
5120	127.59
5130	127.67
5140	127.73
5150	127.95
5160	128.33
5170	128.65
5180	128.78
5190	129.14
5200	129.35
5210	129.57
5220	129.74
5230	129.74
5240	129.96
5250	130.11
5260	130.38
5270	130.67
5280	130.83
5290	131.1
5300	131.35
5310	131.48
5320	131.76
5330	131.95
5340	132.0
5350	132.32
5360	132.38
5370	132.48
5380	132.8
5390	133.1
5400	133.2
5410	133.49
5420	133.81
5430	134.07
5440	134.34
5450	134.72
5460	134.99
5470	135.23
5480	135.45
5490	135.78
5500	135.83
5510	136.01
5520	136.15
5530	136.33
5540	136.76
5550	136.94
5560	137.37
5570	137.54
5580	137.92
5590	138.21
5600	138.34
5610	138.46
5620	138.53
5630	138.83
5640	139.05
5650	139.26
5660	139.41
5670	139.74
5680	139.9
5690	139.89
5700	139.92
5710	140.07
5720	140.05
5730	140.29
5740	140.31
5750	140.51
5760	140.58
5770	140.88
5780	141.12
5790	141.21
5800	141.54
5810	141.78
5820	141.88
5830	142.03
5840	142.28
5850	142.4
5860	142.62
5870	142.79
5880	143.05
5890	143.25
5900	143.34
5910	143.65
5920	143.69
5930	143.87
5940	144.23
5950	144.51
5960	144.48
5970	144.8
5980	144.98
5990	145.18
6000	145.43
6010	145.78
6020	146.06
6030	146.33
6040	146.39
6050	146.64
6060	146.9
6070	147.11
6080	147.18
6090	147.38
6100	147.58
6110	147.9
6120	148.13
6130	148.38
6140	148.74
6150	148.89
6160	149.13
6170	149.47
6180	149.89
6190	150.14
6200	150.47
6210	150.75
6220	151.05
6230	151.21
6240	151.3
6250	151.57
6260	151.76
6270	151.95
6280	152.21
6290	152.42
6300	152.68
6310	152.98
6320	153.28
6330	153.5
6340	153.68
6350	153.81
6360	153.96
6370	154.11
6380	154.32
6390	154.52
6400	154.67
6410	154.87
6420	155.0
6430	155.08
6440	155.44
6450	155.61
6460	155.91
6470	156.08
6480	156.39
6490	156.63
6500	156.86
6510	157.12
6520	157.44
6530	157.64
6540	157.82
6550	157.79
6560	157.94
6570	158.26
6580	158.54
6590	158.67
6600	158.97
6610	158.96
6620	158.93
6630	159.03
6640	159.22
6650	159.48
6660	159.52
6670	159.51
6680	159.84
6690	159.94
6700	159.97
6710	160.2
6720	160.4
6730	160.46
6740	160.69
6750	160.89
6760	161.17
6770	161.37
6780	161.66
6790	161.72
6800	161.95
6810	162.23
6820	162.5
6830	162.68
6840	162.91
6850	163.11
6860	163.27
6870	163.55
6880	163.65
6890	163.85
6900	164.08
6910	164.12
6920	164.18
6930	164.33
6940	164.55
6950	164.63
6960	164.76
6970	165.06
6980	165.27
6990	165.51
7000	165.75
7010	166.0
7020	166.25
7030	166.31
7040	166.48
7050	166.81
7060	166.82
7070	167.08
7080	167.38
7090	167.42
7100	167.55
7110	167.82
7120	167.89
7130	167.96
7140	168.1
7150	168.42
7160	168.56
7170	168.76
7180	168.83
7190	168.96
7200	168.94
7210	169.14
7220	169.1
7230	169.46
7240	169.56
7250	169.84
7260	170.15
7270	170.48
7280	170.52
7290	170.76
7300	170.82
7310	171.03
7320	171.26
7330	171.52
7340	171.67
7350	171.87
7360	172.25
7370	172.26
7380	172.41
7390	172.53
7400	172.69
7410	172.88
7420	172.97
7430	173.14
7440	173.31
7450	173.54
7460	173.8
7470	174.0
7480	174.19
7490	174.37
7500	174.57
7510	174.81
7520	174.98
7530	175.1
7540	175.4
7550	175.45
7560	175.77
7570	176.0
7580	175.96
7590	175.91
7600	176.07
7610	176.34
7620	176.39
7630	176.58
7640	176.85
7650	177.03
7660	176.96
7670	177.16
7680	177.36
7690	177.44
7700	177.68
7710	177.83
7720	178.1
7730	178.2
7740	178.32
7750	178.32
7760	178.38
7770	178.55
7780	178.84
7790	179.04
7800	179.19
7810	179.36
7820	179.53
7830	179.74
7840	179.9
7850	179.94
7860	179.9
7870	180.16
7880	180.35
7890	180.52
7900	180.72
7910	180.98
7920	180.96
7930	181.05
7940	181.08
7950	181.25
7960	181.25
7970	181.56
7980	181.76
7990	181.9
8000	182.08
8010	182.2
8020	182.4
8030	182.65
8040	182.74
8050	183.02
8060	183.21
8070	183.35
8080	183.34
8090	183.69
8100	183.99
8110	183.99
8120	184.08
8130	184.27
8140	184.33
8150	184.33
8160	184.44
8170	184.6
8180	184.87
8190	185.03
8200	185.19
8210	185.44
8220	185.61
8230	185.76
8240	185.83
8250	186.2
8260	186.31
8270	186.48
8280	186.67
8290	187.03
8300	187.21
8310	187.32
8320	187.42
8330	187.49
8340	187.53
8350	187.72
8360	187.89
8370	188.09
8380	188.41
8390	188.48
8400	188.58
8410	188.59
8420	188.72
8430	188.94
8440	189.17
8450	189.42
8460	189.6
8470	189.84
8480	190.05
8490	190.18
8500	190.33
8510	190.5
8520	190.71
8530	190.76
8540	190.85
8550	190.84
8560	191.04
8570	191.3
8580	191.54
8590	191.72
8600	191.89
8610	192.01
8620	192.22
8630	192.6
8640	192.74
8650	192.91
8660	193.09
8670	193.23
8680	193.42
8690	193.79
8700	193.95
8710	194.09
8720	194.42
8730	194.53
8740	194.74
8750	194.83
8760	195.16
8770	195.18
8780	195.36
8790	195.64
8800	195.87
8810	196.14
8820	196.27
8830	196.35
8840	196.46
8850	196.61
8860	196.84
8870	197.07
8880	197.19
8890	197.41
8900	197.47
8910	197.64
8920	197.8
8930	198.0
8940	198.16
8950	198.4
8960	198.5
8970	198.78
8980	199.04
8990	199.25
9000	199.35
9010	199.34
9020	199.47
9030	199.76
9040	199.85
9050	199.88
9060	200.09
9070	200.05
9080	200.18
9090	200.3
9100	200.37
9110	200.7
9120	200.87
9130	201.24
9140	201.43
9150	201.5
9160	201.53
9170	201.67
9180	201.82
9190	201.96
9200	202.09
9210	202.34
9220	202.53
9230	202.72
9240	203.0
9250	203.15
9260	203.35
9270	203.54
9280	203.71
9290	203.65
9300	203.78
9310	203.91
9320	203.97
9330	204.05
9340	204.23
9350	204.46
9360	204.66
9370	204.87
9380	205.15
9390	205.21
9400	205.32
9410	205.47
9420	205.64
9430	205.91
9440	206.16
9450	206.26
9460	206.46
9470	206.68
9480	206.87
9490	207.03
9500	207.12
9510	207.27
9520	207.41
9530	207.56
9540	207.79
9550	207.77
9560	207.95
9570	208.0
9580	208.03
9590	208.08
9600	208.25
9610	208.34
9620	208.54
9630	208.67
9640	208.8
9650	208.92
9660	209.05
9670	209.17
9680	209.39
9690	209.55
9700	209.59
9710	209.67
9720	209.69
9730	209.92
9740	210.15
9750	210.13
9760	210.12
9770	210.2
9780	210.41
9790	210.49
9800	210.52
9810	210.76
9820	210.96
9830	211.16
9840	211.23
9850	211.29
9860	211.36
9870	211.52
9880	211.66
9890	211.79
9900	211.86
9910	212.08
9920	212.25
9930	212.44
9940	212.5
9950	212.66
9960	212.86
9970	213.1
9980	213.32
9990	213.31
10000	213.37
10010	213.37
10020	213.36
10030	213.6
10040	213.62
10050	213.79
10060	213.85
10070	213.98
10080	214.11
10090	214.37
10100	214.51
10110	214.58
10120	214.75
10130	214.9
10140	215.11
10150	215.23
10160	215.46
10170	215.84
10180	216.01
10190	216.12
10200	216.22
10210	216.39
10220	216.48
10230	216.7
10240	216.89
10250	217.23
10260	217.42
10270	217.61
10280	217.91
10290	217.98
10300	218.09
10310	218.15
10320	218.3
10330	218.57
10340	218.85
10350	218.92
10360	218.97
10370	219.1
10380	219.3
10390	219.4
10400	219.55
10410	219.59
10420	219.57
10430	219.72
10440	219.74
10450	219.79
10460	219.99
10470	220.28
10480	220.22
10490	220.25
10500	220.5
10510	220.52
10520	220.63
10530	220.78
10540	220.92
10550	221.14
10560	221.1
10570	221.21
10580	221.35
10590	221.52
10600	221.64
10610	221.81
10620	221.94
10630	221.85
10640	221.99
10650	222.08
10660	222.15
10670	222.24
10680	222.3
10690	222.41
10700	222.53
10710	222.56
10720	222.67
10730	222.88
10740	222.92
10750	222.97
10760	223.04
10770	223.26
10780	223.46
10790	223.77
10800	223.77
10810	224.02
10820	224.36
10830	224.49
10840	224.52
10850	224.61
10860	224.5
10870	224.55
10880	224.67
10890	224.74
10900	224.85
10910	225.05
10920	225.17
10930	225.35
10940	225.47
10950	225.83
10960	226.02
10970	226.21
10980	226.25
10990	226.4
11000	226.57
11010	226.57
11020	226.74
11030	226.77
11040	226.81
11050	226.97
11060	227.17
11070	227.22
11080	227.28
11090	227.37
11100	227.46
11110	227.74
11120	227.87
11130	227.98
11140	228.19
11150	228.31
11160	228.5
11170	228.66
11180	228.81
11190	228.92
11200	229.03
11210	229.16
11220	229.3
11230	229.27
11240	229.37
11250	229.47
11260	229.61
11270	229.65
11280	229.61
11290	229.72
11300	229.87
11310	230.0
11320	230.14
11330	230.36
11340	230.39
11350	230.61
11360	230.87
11370	231.01
11380	231.17
11390	231.33
11400	231.5
11410	231.67
11420	231.67
11430	231.79
11440	232.0
11450	232.26
11460	232.32
11470	232.47
11480	232.66
11490	232.81
11500	232.86
11510	232.87
11520	233.08
11530	233.14
11540	233.28
11550	233.4
11560	233.47
11570	233.53
11580	233.55
11590	233.74
11600	233.86
11610	233.88
11620	234.13
11630	234.28
11640	234.4
11650	234.52
11660	234.62
11670	234.77
11680	234.88
11690	234.98
11700	234.9
11710	234.84
11720	234.83
11730	234.8
11740	234.93
11750	234.99
11760	235.07
11770	235.19
11780	235.27
11790	235.53
11800	235.67
11810	235.87
11820	235.79
11830	235.92
11840	236.03
11850	236.14
11860	236.27
11870	236.28
11880	236.35
11890	236.58
11900	236.62
11910	236.82
11920	236.94
11930	237.11
11940	237.3
11950	237.24
11960	237.33
11970	237.47
11980	237.66
11990	237.91
12000	238.0
12010	238.19
12020	238.26
12030	238.41
12040	238.53
12050	238.71
12060	238.76
12070	238.82
12080	238.98
12090	238.98
12100	239.12
12110	239.19
12120	239.29
12130	239.44
12140	239.57
12150	239.78
12160	239.88
12170	239.74
12180	239.94
12190	240.06
12200	240.32
12210	240.42
12220	240.55
12230	240.71
12240	240.86
12250	240.92
12260	241.0
12270	241.06
12280	241.22
12290	241.44
12300	241.52
12310	241.71
12320	241.85
12330	242.05
12340	242.15
12350	242.06
12360	242.2
12370	242.28
12380	242.48
12390	242.61
12400	242.83
12410	242.91
12420	243.04
12430	243.11
12440	243.22
12450	243.34
12460	243.48
12470	243.57
12480	243.6
12490	243.76
12500	243.91
12510	244.0
12520	243.96
12530	244.16
12540	244.35
12550	244.62
12560	244.71
12570	244.83
12580	244.89
12590	244.9
12600	245.0
12610	245.1
12620	245.13
12630	245.11
12640	245.08
12650	245.31
12660	245.37
12670	245.54
12680	245.71
12690	245.73
12700	245.83
12710	245.94
12720	246.05
12730	246.19
12740	246.4
12750	246.52
12760	246.66
12770	246.83
12780	246.92
12790	247.06
12800	247.2
12810	247.23
12820	247.38
12830	247.47
12840	247.57
12850	247.84
12860	247.85
12870	247.87
12880	247.99
12890	248.23
12900	248.32
12910	248.53
12920	248.68
12930	248.81
12940	248.98
12950	249.08
12960	249.2
12970	249.34
12980	249.32
12990	249.46
13000	249.51
13010	249.75
13020	249.93
13030	249.98
13040	250.16
13050	250.2
13060	250.22
13070	250.28
13080	250.43
13090	250.54
13100	250.62
13110	250.69
13120	250.83
13130	250.83
13140	251.01
13150	251.25
13160	251.34
13170	251.42
13180	251.5
13190	251.66
13200	251.67
13210	251.62
13220	251.7
13230	251.79
13240	251.84
13250	252.0
13260	252.0
13270	252.06
13280	252.05
13290	252.22
13300	252.31
13310	252.41
13320	252.67
13330	252.84
13340	252.88
13350	252.93
13360	253.1
13370	253.16
13380	253.27
13390	253.27
13400	253.38
13410	253.35
13420	253.37
13430	253.48
13440	253.56
13450	253.65
13460	253.78
13470	253.81
13480	253.84
13490	253.93
13500	253.92
13510	254.06
13520	254.11
13530	254.18
13540	254.34
13550	254.52
13560	254.65
13570	254.74
13580	254.75
13590	254.88
13600	255.1
13610	255.21
13620	255.13
13630	255.27
13640	255.45
13650	255.43
13660	255.56
13670	255.56
13680	255.62
13690	255.7
13700	255.72
13710	255.72
13720	255.77
13730	255.96
13740	256.09
13750	256.16
13760	256.31
13770	256.46
13780	256.53
13790	256.63
13800	256.84
13810	256.87
13820	257.11
13830	257.23
13840	257.27
13850	257.19
13860	257.18
13870	257.28
13880	257.44
13890	257.57
13900	257.61
13910	257.64
13920	257.84
13930	258.07
13940	258.22
13950	258.32
13960	258.51
13970	258.54
13980	258.61
13990	258.8
14000	258.83
14010	258.98
14020	259.1
14030	259.1
14040	259.25
14050	259.31
14060	259.27
14070	259.26
14080	259.28
14090	259.39
14100	259.48
14110	259.55
14120	259.57
14130	259.66
14140	259.75
14150	259.83
14160	259.85
14170	260.08
14180	260.15
14190	260.35
14200	260.41
14210	260.6
14220	260.64
14230	260.72
14240	260.85
14250	260.99
14260	261.13
14270	261.18
14280	261.27
14290	261.25
14300	261.35
14310	261.46
14320	261.57
14330	261.65
14340	261.75
14350	261.78
14360	261.82
14370	261.87
14380	261.96
14390	262.03
14400	261.98
14410	262.14
14420	262.26
14430	262.3
14440	262.31
14450	262.32
14460	262.38
14470	262.51
14480	262.63
14490	262.66
14500	262.77
14510	262.78
14520	262.88
14530	262.96
14540	263.08
14550	263.18
14560	263.29
14570	263.37
14580	263.52
14590	263.61
14600	263.69
14610	263.68
14620	263.76
14630	263.78
14640	263.83
14650	263.92
14660	264.05
14670	264.16
14680	264.28
14690	264.51
14700	264.53
14710	264.73
14720	264.83
14730	264.88
14740	264.91
14750	265.01
14760	265.07
14770	265.13
14780	265.23
14790	265.44
14800	265.48
14810	265.58
14820	265.81
14830	265.85
14840	265.91
14850	265.94
14860	266.08
14870	266.18
14880	266.3
14890	266.37
14900	266.4
14910	266.49
14920	266.62
14930	266.73
14940	266.79
14950	266.91
14960	266.91
14970	267.04
14980	267.12
14990	267.17
15000	267.19
15010	267.35
15020	267.47
15030	267.51
15040	267.57
15050	267.55
15060	267.61
15070	267.57
15080	267.58
15090	267.66
15100	267.65
15110	267.72
15120	267.81
15130	267.9
15140	267.96
15150	267.99
15160	268.12
15170	268.25
15180	268.33
15190	268.37
15200	268.43
15210	268.47
15220	268.53
15230	268.68
15240	268.66
15250	268.74
15260	268.84
15270	268.99
15280	269.08
15290	269.22
15300	269.3
15310	269.37
15320	269.4
15330	269.52
15340	269.7
15350	269.72
15360	269.81
15370	269.81
15380	269.85
15390	269.88
15400	270.0
15410	270.02
15420	270.14
15430	270.21
15440	270.18
15450	270.26
15460	270.4
15470	270.45
15480	270.47
15490	270.53
15500	270.6
15510	270.65
15520	270.73
15530	270.75
15540	270.82
15550	270.91
15560	270.99
15570	271.07
15580	271.14
15590	271.18
15600	271.29
15610	271.25
15620	271.31
15630	271.4
15640	271.34
15650	271.44
15660	271.51
15670	271.49
15680	271.61
15690	271.55
15700	271.63
15710	271.83
15720	271.81
15730	271.94
15740	272.03
15750	272.05
15760	272.19
15770	272.23
15780	272.28
15790	272.3
15800	272.32
15810	272.37
15820	272.44
15830	272.56
15840	272.65
15850	272.76
15860	272.78
15870	272.91
15880	272.99
15890	273.16
15900	273.31
15910	273.3
15920	273.37
15930	273.5
15940	273.43
15950	273.51
15960	273.61
15970	273.74
15980	273.91
15990	273.94
16000	274.04
16010	274.18
16020	274.33
16030	274.41
16040	274.37
16050	274.51
16060	274.62
16070	274.75
16080	274.82
16090	274.97
16100	275.04
16110	275.11
16120	275.26
16130	275.24
16140	275.4
16150	275.52
16160	275.52
16170	275.53
16180	275.58
16190	275.6
16200	275.6
16210	275.77
16220	275.87
16230	275.96
16240	276.0
16250	276.07
16260	276.13
16270	276.21
16280	276.31
16290	276.39
16300	276.46
16310	276.59
16320	276.67
16330	276.8
16340	276.92
16350	277.01
16360	276.99
16370	277.06
16380	277.19
16390	277.26
16400	277.24
16410	277.26
16420	277.41
16430	277.56
16440	277.57
16450	277.67
16460	277.73
16470	277.87
16480	277.95
16490	278.0
16500	278.05
16510	278.08
16520	278.2
16530	278.37
16540	278.45
16550	278.49
16560	278.62
16570	278.69
16580	278.86
16590	278.83
16600	278.82
16610	278.97
16620	279.03
16630	279.15
16640	279.36
16650	279.41
16660	279.41
16670	279.5
16680	279.69
16690	279.8
16700	279.8
16710	279.97
16720	279.98
16730	279.99
16740	280.14
16750	280.16
16760	280.22
16770	280.31
16780	280.42
16790	280.47
16800	280.44
16810	280.49
16820	280.41
16830	280.43
16840	280.47
16850	280.59
16860	280.78
16870	280.94
16880	281.1
16890	281.1
16900	281.23
16910	281.34
16920	281.43
16930	281.48
16940	281.57
16950	281.73
16960	281.76
16970	281.84
16980	281.88
16990	281.88
17000	281.96
17010	282.03
17020	282.17
17030	282.18
17040	282.28
17050	282.37
17060	282.36
17070	282.36
17080	282.43
17090	282.55
17100	282.54
17110	282.66
17120	282.7
17130	282.72
17140	282.88
17150	282.91
17160	282.94
17170	282.98
17180	283.08
17190	283.17
17200	283.32
17210	283.43
17220	283.55
17230	283.77
17240	283.8
17250	284.06
17260	284.18
17270	284.24
17280	284.37
17290	284.51
17300	284.66
17310	284.67
17320	284.73
17330	284.76
17340	284.82
17350	284.86
17360	284.92
17370	285.09
17380	285.11
17390	285.21
17400	285.28
17410	285.32
17420	285.55
17430	285.69
17440	285.73
17450	285.74
17460	285.85
17470	285.87
17480	285.97
17490	286.06
17500	286.23
17510	286.36
17520	286.42
17530	286.46
17540	286.55
17550	286.65
17560	286.71
17570	286.67
17580	286.68
17590	286.79
17600	286.97
17610	287.13
17620	287.17
17630	287.23
17640	287.29
17650	287.29
17660	287.29
17670	287.36
17680	287.39
17690	287.52
17700	287.7
17710	287.83
17720	287.81
17730	287.89
17740	288.02
17750	287.96
17760	287.97
17770	287.93
17780	288.0
17790	288.18
17800	288.18
17810	288.2
17820	288.21
17830	288.31
17840	288.33
17850	288.45
17860	288.65
17870	288.76
17880	288.83
17890	288.87
17900	288.98
17910	289.06
17920	289.13
17930	289.16
17940	289.15
17950	289.19
17960	289.26
17970	289.42
17980	289.54
17990	289.61
18000	289.74
18010	289.81
18020	289.86
18030	289.95
18040	290.01
18050	290.09
18060	290.15
18070	290.22
18080	290.19
18090	290.25
18100	290.22
18110	290.38
18120	290.59
18130	290.67
18140	290.81
18150	290.91
18160	291.05
18170	291.15
18180	291.08
18190	291.24
18200	291.36
18210	291.49
18220	291.49
18230	291.58
18240	291.68
18250	291.81
18260	291.88
18270	291.99
18280	292.02
18290	292.21
18300	292.25
18310	292.36
18320	292.45
18330	292.54
18340	292.67
18350	292.67
18360	292.7
18370	292.84
18380	292.84
18390	292.93
18400	293.07
18410	293.2
18420	293.31
18430	293.27
18440	293.4
18450	293.47
18460	293.62
18470	293.73
18480	293.85
18490	293.9
18500	293.93
18510	293.95
18520	294.04
18530	294.12
18540	294.12
18550	294.21
18560	294.25
18570	294.26
18580	294.39
18590	294.44
18600	294.55
18610	294.63
18620	294.73
18630	294.74
18640	294.68
18650	294.9
18660	294.95
18670	295.06
18680	295.16
18690	295.21
18700	295.4
18710	295.45
18720	295.5
18730	295.59
18740	295.69
18750	295.81
18760	295.9
18770	295.93
18780	295.94
18790	296.0
18800	295.94
18810	296.0
18820	296.21
18830	296.32
18840	296.38
18850	296.44
18860	296.53
18870	296.54
18880	296.63
18890	296.8
18900	296.79
18910	296.8
18920	296.91
18930	296.84
18940	296.9
18950	296.85
18960	296.88
18970	296.91
18980	296.99
18990	297.0
19000	297.1
19010	297.13
19020	297.24
19030	297.23
19040	297.31
19050	297.34
19060	297.35
19070	297.45
19080	297.57
19090	297.49
19100	297.57
19110	297.56
19120	297.7
19130	297.67
19140	297.71
19150	297.72
19160	297.86
19170	298.04
19180	298.16
19190	298.27
19200	298.33
19210	298.45
19220	298.54
19230	298.63
19240	298.64
19250	298.53
19260	298.59
19270	298.69
19280	298.78
19290	298.75
19300	298.79
19310	298.94
19320	299.08
19330	299.12
19340	299.22
19350	299.34
19360	299.46
19370	299.49
19380	299.56
19390	299.63
19400	299.73
19410	299.86
19420	299.91
19430	299.95
19440	300.0
19450	300.02
19460	300.13
19470	300.23
19480	300.29
19490	300.37
19500	300.43
19510	300.42
19520	300.46
19530	300.46
19540	300.53
19550	300.53
19560	300.62
19570	300.7
19580	300.72
19590	300.81
19600	300.86
19610	300.94
19620	300.92
19630	300.98
19640	300.98
19650	301.08
19660	301.07
19670	301.1
19680	301.08
19690	301.18
19700	301.26
19710	301.32
19720	301.39
19730	301.46
19740	301.46
19750	301.53
19760	301.63
19770	301.64
19780	301.75
19790	301.76
19800	301.78
19810	301.8
19820	301.85
19830	301.85
19840	301.92
19850	301.98
19860	301.99
19870	302.09
19880	302.21
19890	302.29
19900	302.38
19910	302.41
19920	302.58
19930	302.55
19940	302.57
19950	302.6
19960	302.6
19970	302.7
19980	302.81
19990	302.74
20000	302.78
20010	302.9
20020	302.94
20030	303.01
20040	302.99
20050	303.03
20060	303.1
20070	303.14
20080	303.21
20090	303.22
20100	303.28
20110	303.43
20120	303.55
20130	303.67
20140	303.74
20150	303.74
20160	303.79
20170	303.79
20180	303.83
20190	303.89
20200	303.9
20210	304.03
20220	304.16
20230	304.15
20240	304.11
20250	304.17
20260	304.2
20270	304.24
20280	304.23
20290	304.29
20300	304.35
20310	304.34
20320	304.42
20330	304.52
20340	304.65
20350	304.72
20360	304.83
20370	304.88
20380	304.94
20390	304.97
20400	305.01
20410	305.01
20420	305.03
20430	305.11
20440	305.23
20450	305.36
20460	305.35
20470	305.51
20480	305.63
20490	305.61
20500	305.7
20510	305.69
20520	305.82
20530	305.88
20540	305.94
20550	306.01
20560	306.11
20570	306.17
20580	306.26
20590	306.29
20600	306.34
20610	306.38
20620	306.42
20630	306.43
20640	306.52
20650	306.67
20660	306.69
20670	306.68
20680	306.65
20690	306.72
20700	306.76
20710	306.83
20720	306.9
20730	307.0
20740	306.99
20750	307.01
20760	307.11
20770	307.24
20780	307.17
20790	307.18
20800	307.32
20810	307.45
20820	307.54
20830	307.64
20840	307.64
20850	307.78
20860	307.86
20870	308.0
20880	308.01
20890	308.09
20900	308.17
20910	308.14
20920	308.19
20930	308.32
20940	308.36
20950	308.5
20960	308.54
20970	308.62
20980	308.74
20990	308.76
21000	308.74
21010	308.84
21020	308.88
21030	309.02
21040	309.12
21050	309.23
21060	309.26
21070	309.38
21080	309.43
21090	309.53
21100	309.61
21110	309.64
21120	309.64
21130	309.67
21140	309.69
21150	309.71
21160	309.67
21170	309.78
21180	309.86
21190	309.87
21200	310.0
21210	310.09
21220	310.06
21230	310.1
21240	310.17
21250	310.28
21260	310.29
21270	310.27
21280	310.29
21290	310.28
21300	310.39
21310	310.52
21320	310.55
21330	310.51
21340	310.6
21350	310.72
21360	310.75
21370	310.8
21380	310.8
21390	310.8
21400	310.85
21410	310.78
21420	310.98
21430	310.97
21440	311.0
21450	311.02
21460	311.14
21470	311.18
21480	311.28
21490	311.31
21500	311.39
21510	311.48
21520	311.43
21530	311.56
21540	311.71
21550	311.74
21560	311.8
21570	311.84
21580	311.88
21590	311.89
21600	311.94
21610	311.98
21620	312.0
21630	312.02
21640	312.09
21650	312.17
21660	312.21
21670	312.25
21680	312.3
21690	312.28
21700	312.42
21710	312.43
21720	312.48
21730	312.61
21740	312.59
21750	312.64
21760	312.63
21770	312.71
21780	312.77
21790	312.83
21800	312.9
21810	313.01
21820	313.07
21830	313.09
21840	313.11
21850	313.07
21860	313.13
21870	313.16
21880	313.26
21890	313.35
21900	313.38
21910	313.39
21920	313.45
21930	313.45
21940	313.43
21950	313.47
21960	313.58
21970	313.71
21980	313.77
21990	313.77
22000	313.89
22010	313.97
22020	313.99
22030	313.97
22040	314.06
22050	314.12
22060	314.14
22070	314.22
22080	314.24
22090	314.21
22100	314.26
22110	314.29
22120	314.37
22130	314.32
22140	314.33
22150	314.39
22160	314.41
22170	314.52
22180	314.6
22190	314.65
22200	314.73
22210	314.77
22220	314.76
22230	314.79
22240	314.8
22250	314.74
22260	314.76
22270	314.78
22280	314.82
22290	314.83
22300	314.86
22310	314.95
22320	315.08
22330	315.14
22340	315.13
22350	315.1
22360	315.21
22370	315.21
22380	315.25
22390	315.34
22400	315.43
22410	315.48
22420	315.53
22430	315.47
22440	315.49
22450	315.46
22460	315.53
22470	315.64
22480	315.8
22490	315.77
22500	315.93
22510	315.92
22520	316.04
22530	316.1
22540	316.08
22550	316.06
22560	316.01
22570	316.08
22580	316.21
22590	316.3
22600	316.39
22610	316.53
22620	316.57
22630	316.59
22640	316.67
22650	316.72
22660	316.83
22670	316.92
22680	316.95
22690	317.02
22700	317.03
22710	317.05
22720	317.1
22730	317.17
22740	317.23
22750	317.2
22760	317.13
22770	317.09
22780	317.14
22790	317.35
22800	317.38
22810	317.43
22820	317.42
22830	317.46
22840	317.53
22850	317.53
22860	317.5
22870	317.5
22880	317.44
22890	317.49
22900	317.56
22910	317.64
22920	317.66
22930	317.8
22940	317.8
22950	317.92
22960	318.03
22970	318.07
22980	318.1
22990	318.0
23000	318.03
23010	318.02
23020	318.05
23030	318.13
23040	318.1
23050	318.1
23060	318.13
23070	318.22
23080	318.27
23090	318.37
23100	318.37
23110	318.45
23120	318.52
23130	318.62
23140	318.67
23150	318.71
23160	318.81
23170	318.9
23180	318.91
23190	318.95
23200	319.0
23210	319.06
23220	319.09
23230	319.22
23240	319.32
23250	319.37
23260	319.55
23270	319.55
23280	319.7
23290	319.81
23300	319.89
23310	319.97
23320	320.05
23330	320.19
23340	320.21
23350	320.33
23360	320.33
23370	320.38
23380	320.36
23390	320.34
23400	320.38
23410	320.4
23420	320.5
23430	320.55
23440	320.71
23450	320.76
23460	320.82
23470	320.91
23480	320.93
23490	320.9
23500	320.98
23510	320.99
23520	321.08
23530	321.12
23540	321.2
23550	321.3
23560	321.41
23570	321.44
23580	321.48
23590	321.51
23600	321.57
23610	321.59
23620	321.66
23630	321.78
23640	321.82
23650	321.91
23660	321.98
23670	321.99
23680	322.05
23690	322.1
23700	322.14
23710	322.24
23720	322.33
23730	322.36
23740	322.5
23750	322.67
23760	322.78
23770	322.81
23780	322.95
23790	322.98
23800	322.94
23810	322.97
23820	323.02
23830	323.06
23840	323.19
23850	323.28
23860	323.32
23870	323.42
23880	323.48
23890	323.58
23900	323.65
23910	323.7
23920	323.74
23930	323.75
23940	323.78
23950	323.86
23960	323.92
23970	323.88
23980	323.97
23990	323.97
24000	323.98
24010	324.02
24020	324.03
24030	324.14
24040	324.12
24050	324.07
24060	324.08
24070	324.17
24080	324.24
24090	324.21
24100	324.19
24110	324.2
24120	324.32
24130	324.41
24140	324.52
24150	324.59
24160	324.63
24170	324.74
24180	324.77
24190	324.92
24200	325.0
24210	325.05
24220	325.15
24230	325.22
24240	325.28
24250	325.37
24260	325.45
24270	325.53
24280	325.58
24290	325.67
24300	325.76
24310	325.76
24320	325.8
24330	325.89
24340	325.89
24350	325.95
24360	326.08
24370	326.04
24380	326.09
24390	326.11
24400	326.14
24410	326.18
24420	326.21
24430	326.33
24440	326.33
24450	326.31
24460	326.39
24470	326.47
24480	326.47
24490	326.59
24500	326.62
24510	326.73
24520	326.73
24530	326.76
24540	326.81
24550	326.89
24560	326.94
24570	327.06
24580	327.06
24590	327.12
24600	327.13
24610	327.14
24620	327.09
24630	327.11
24640	327.14
24650	327.18
24660	327.2
24670	327.28
24680	327.37
24690	327.47
24700	327.46
24710	327.52
24720	327.52
24730	327.48
24740	327.53
24750	327.54
24760	327.6
24770	327.76
24780	327.89
24790	327.96
24800	328.04
24810	328.07
24820	328.09
24830	328.16
24840	328.15
24850	328.22
24860	328.26
24870	328.36
24880	328.45
24890	328.49
24900	328.41
24910	328.52
24920	328.59
24930	328.72
24940	328.78
24950	328.85
24960	328.97
24970	329.01
24980	329.04
24990	329.14
25000	329.19
25010	329.17
25020	329.22
25030	329.4
25040	329.48
25050	329.55
25060	329.57
25070	329.61
25080	329.63
25090	329.68
25100	329.67
25110	329.71
25120	329.77
25130	329.9
25140	330.01
25150	330.05
25160	330.1
25170	330.17
25180	330.31
25190	330.3
25200	330.4
25210	330.51
25220	330.5
25230	330.55
25240	330.62
25250	330.6
25260	330.64
25270	330.71
25280	330.77
25290	330.81
25300	330.84
25310	330.92
25320	330.93
25330	330.89
25340	330.99
25350	331.0
25360	331.01
25370	330.96
25380	331.05
25390	331.07
25400	331.08
25410	331.12
25420	331.23
25430	331.2
25440	331.31
25450	331.32
25460	331.29
25470	331.34
25480	331.33
25490	331.37
25500	331.41
25510	331.45
25520	331.43
25530	331.46
25540	331.47
25550	331.57
25560	331.61
25570	331.61
25580	331.75
25590	331.79
25600	331.83
25610	331.88
25620	331.88
25630	331.94
25640	332.02
25650	332.02
25660	332.0
25670	332.0
25680	332.04
25690	331.97
25700	331.94
25710	332.01
25720	332.02
25730	332.02
25740	332.09
25750	332.2
25760	332.27
25770	332.35
25780	332.41
25790	332.48
25800	332.53
25810	332.6
25820	332.62
25830	332.71
25840	332.81
25850	332.84
25860	332.86
25870	332.9
25880	332.9
25890	332.94
25900	332.91
25910	332.9
25920	332.99
25930	333.02
25940	333.08
25950	333.16
25960	333.13
25970	333.15
25980	333.08
25990	333.13
26000	333.15
26010	333.18
26020	333.23
26030	333.23
26040	333.27
26050	333.34
26060	333.41
26070	333.47
26080	333.53
26090	333.52
26100	333.57
26110	333.62
26120	333.68
26130	333.76
26140	333.73
26150	333.79
26160	333.78
26170	333.82
26180	333.92
26190	333.98
26200	334.06
26210	334.05
26220	334.16
26230	334.24
26240	334.37
26250	334.43
26260	334.47
26270	334.44
26280	334.5
26290	334.51
26300	334.62
26310	334.62
26320	334.63
26330	334.77
26340	334.84
26350	334.85
26360	334.91
26370	334.99
26380	335.08
26390	335.08
26400	335.1
26410	335.16
26420	335.19
26430	335.28
26440	335.35
26450	335.47
26460	335.51
26470	335.5
26480	335.61
26490	335.63
26500	335.69
26510	335.77
26520	335.78
26530	335.76
26540	335.81
26550	335.83
26560	335.9
26570	335.89
26580	335.94
26590	335.97
26600	336.07
26610	336.14
26620	336.13
26630	336.12
26640	336.08
26650	336.13
26660	336.27
26670	336.29
26680	336.38
26690	336.3
26700	336.4
26710	336.4
26720	336.41
26730	336.46
26740	336.53
26750	336.57
26760	336.55
26770	336.57
26780	336.63
26790	336.73
26800	336.75
26810	336.71
26820	336.73
26830	336.82
26840	336.94
26850	336.94
26860	336.9
26870	336.92
26880	336.96
26890	336.96
26900	336.99
26910	337.03
26920	337.04
26930	336.99
26940	337.08
26950	337.1
26960	337.1
26970	337.23
26980	337.23
26990	337.32
27000	337.32
27010	337.32
27020	337.37
27030	337.37
27040	337.42
27050	337.47
27060	337.49
27070	337.51
27080	337.55
27090	337.57
27100	337.59
27110	337.59
27120	337.65
27130	337.71
27140	337.82
27150	337.86
27160	337.86
27170	337.91
27180	337.98
27190	338.01
27200	338.07
27210	338.13
27220	338.15
27230	338.16
27240	338.19
27250	338.26
27260	338.23
27270	338.31
27280	338.35
27290	338.4
27300	338.42
27310	338.46
27320	338.5
27330	338.53
27340	338.58
27350	338.57
27360	338.59
27370	338.61
27380	338.61
27390	338.68
27400	338.68
27410	338.79
27420	338.82
27430	338.86
27440	338.94
27450	338.93
27460	338.98
27470	339.01
27480	339.0
27490	339.05
27500	339.05
27510	339.11
27520	339.14
27530	339.1
27540	339.15
27550	339.15
27560	339.2
27570	339.25
27580	339.28
27590	339.25
27600	339.21
27610	339.22
27620	339.27
27630	339.42
27640	339.43
27650	339.49
27660	339.48
27670	339.51
27680	339.54
27690	339.59
27700	339.68
27710	339.8
27720	339.95
27730	339.99
27740	340.0
27750	340.13
27760	340.11
27770	340.22
27780	340.33
27790	340.43
27800	340.48
27810	340.49
27820	340.52
27830	340.52
27840	340.58
27850	340.6
27860	340.64
27870	340.67
27880	340.67
27890	340.63
27900	340.68
27910	340.74
27920	340.76
27930	340.87
27940	340.91
27950	340.93
27960	341.04
27970	341.12
27980	341.05
27990	341.06
28000	341.18
28010	341.22
28020	341.22
28030	341.25
28040	341.29
28050	341.3
28060	341.37
28070	341.45
28080	341.59
28090	341.67
28100	341.69
28110	341.79
28120	341.78
28130	341.89
28140	341.92
28150	341.98
28160	342.05
28170	342.09
28180	342.18
28190	342.18
28200	342.28
28210	342.34
28220	342.33
28230	342.36
28240	342.37
28250	342.47
28260	342.57
28270	342.66
28280	342.63
28290	342.61
28300	342.66
28310	342.68
28320	342.69
28330	342.78
28340	342.8
28350	342.83
28360	342.86
28370	342.85
28380	342.86
28390	343.01
28400	343.12
28410	343.23
28420	343.23
28430	343.3
28440	343.32
28450	343.37
28460	343.46
28470	343.54
28480	343.46
28490	343.5
28500	343.51
28510	343.52
28520	343.6
28530	343.56
28540	343.63
28550	343.62
28560	343.6
28570	343.59
28580	343.62
28590	343.66
28600	343.75
28610	343.86
28620	343.85
28630	343.85
28640	343.91
28650	344.01
28660	344.0
28670	344.1
28680	344.13
28690	344.17
28700	344.25
28710	344.28
28720	344.32
28730	344.41
28740	344.47
28750	344.54
28760	344.51
28770	344.5
28780	344.62
28790	344.66
28800	344.64
28810	344.68
28820	344.71
28830	344.77
28840	344.82
28850	344.85
28860	344.91
28870	344.98
28880	344.97
28890	345.01
28900	345.03
28910	345.11
28920	345.18
28930	345.26
28940	345.22
28950	345.28
28960	345.42
28970	345.46
28980	345.46
28990	345.46
29000	345.54
29010	345.57
29020	345.51
29030	345.52
29040	345.54
29050	345.55
29060	345.65
29070	345.61
29080	345.69
29090	345.72
29100	345.73
29110	345.71
29120	345.81
29130	345.89
29140	345.95
29150	345.92
29160	345.95
29170	346.02
29180	346.02
29190	346.02
29200	346.01
29210	346.04
29220	346.1
29230	346.15
29240	346.16
29250	346.19
29260	346.18
29270	346.19
29280	346.24
29290	346.29
29300	346.37
29310	346.34
29320	346.3
29330	346.36
29340	346.35
29350	346.38
29360	346.56
29370	346.57
29380	346.55
29390	346.56
29400	346.62
29410	346.73
29420	346.79
29430	346.72
29440	346.7
29450	346.73
29460	346.78
29470	346.82
29480	346.83
29490	346.91
29500	346.96
29510	347.03
29520	347.19
29530	347.19
29540	347.24
29550	347.32
29560	347.41
29570	347.45
29580	347.51
29590	347.51
29600	347.58
29610	347.64
29620	347.68
29630	347.73
29640	347.83
29650	347.88
29660	347.83
29670	347.9
29680	347.98
29690	348.04
29700	348.18
29710	348.18
29720	348.27
29730	348.39
29740	348.37
29750	348.35
29760	348.39
29770	348.44
29780	348.53
29790	348.56
29800	348.67
29810	348.73
29820	348.77
29830	348.75
29840	348.83
29850	348.84
29860	348.81
29870	348.86
29880	348.88
29890	348.97
29900	349.06
29910	349.08
29920	349.12
29930	349.15
29940	349.24
29950	349.35
29960	349.37
29970	349.43
29980	349.46
29990	349.54
30000	349.51
30010	349.47
30020	349.57
30030	349.68
30040	349.69
30050	349.73
30060	349.72
30070	349.81
30080	349.9
30090	349.92
30100	349.91
30110	349.92
30120	349.95
30130	350.01
30140	349.95
30150	349.98
30160	349.97
30170	350.0
30180	350.09
30190	350.12
30200	350.13
30210	350.19
30220	350.16
30230	350.16
30240	350.17
30250	350.15
30260	350.21
30270	350.24
30280	350.29
30290	350.35
30300	350.32
30310	350.44
30320	350.49
30330	350.57
30340	350.61
30350	350.7
30360	350.79
30370	350.75
30380	350.88
30390	350.96
30400	351.03
30410	351.01
30420	351.04
30430	351.1
30440	351.14
30450	351.19
30460	351.22
30470	351.18
30480	351.21
30490	351.35
30500	351.39
30510	351.41
30520	351.36
30530	351.38
30540	351.41
30550	351.46
30560	351.49
30570	351.51
30580	351.56
30590	351.57
30600	351.59
30610	351.62
30620	351.64
30630	351.66
30640	351.68
30650	351.71
30660	351.74
30670	351.76
30680	351.73
30690	351.81
30700	351.83
30710	351.82
30720	351.85
30730	351.91
30740	351.95
30750	351.94
30760	351.97
30770	352.0
30780	352.02
30790	352.15
30800	352.14
30810	352.11
30820	352.2
30830	352.22
30840	352.23
30850	352.35
30860	352.39
30870	352.4
30880	352.45
30890	352.5
30900	352.58
30910	352.59
30920	352.65
30930	352.7
30940	352.78
30950	352.8
30960	352.87
30970	352.83
30980	352.99
30990	353.03
31000	353.07
31010	353.11
31020	353.07
31030	353.18
31040	353.21
31050	353.34
31060	353.36
31070	353.36
31080	353.48
31090	353.55
31100	353.61
31110	353.69
31120	353.77
31130	353.76
31140	353.84
31150	353.84
31160	353.89
31170	353.94
31180	353.95
31190	353.98
31200	353.99
31210	353.99
31220	353.97
31230	354.0
31240	354.05
31250	354.09
31260	354.07
31270	354.19
31280	354.23
31290	354.26
31300	354.32
31310	354.36
31320	354.45
31330	354.5
31340	354.55
31350	354.58
31360	354.59
31370	354.51
31380	354.5
31390	354.52
31400	354.49
31410	354.52
31420	354.54
31430	354.62
31440	354.77
31450	354.79
31460	354.82
31470	354.78
31480	354.82
31490	354.83
31500	354.85
31510	354.9
31520	354.93
31530	354.91
31540	354.87
31550	354.94
31560	355.02
31570	355.08
31580	355.14
31590	355.14
31600	355.23
31610	355.29
31620	355.36
31630	355.34
31640	355.33
31650	355.34
31660	355.35
31670	355.34
31680	355.38
31690	355.35
31700	355.39
31710	355.52
31720	355.55
31730	355.58
31740	355.57
31750	355.49
31760	355.49
31770	355.55
31780	355.54
31790	355.53
31800	355.61
31810	355.66
31820	355.7
31830	355.81
31840	355.89
31850	355.93
31860	355.99
31870	356.01
31880	356.02
31890	356.05
31900	356.09
31910	356.1
31920	356.12
31930	356.15
31940	356.13
31950	356.16
31960	356.19
31970	356.18
31980	356.21
31990	356.28
32000	356.26
32010	356.29
32020	356.36
32030	356.41
32040	356.45
32050	356.5
32060	356.59
32070	356.61
32080	356.66
32090	356.67
32100	356.75
32110	356.83
32120	356.81
32130	356.85
32140	356.83
32150	356.83
32160	356.77
32170	356.84
32180	356.93
32190	356.99
32200	357.0
32210	357.11
32220	357.15
32230	357.19
32240	357.23
32250	357.23
32260	357.29
32270	357.28
32280	357.31
32290	357.42
32300	357.46
32310	357.53
32320	357.61
32330	357.68
32340	357.82
32350	357.78
32360	357.81
32370	357.75
32380	357.8
32390	357.82
32400	357.82
32410	357.85
32420	357.89
32430	357.87
32440	357.93
32450	357.94
32460	357.95
32470	357.9
32480	357.95
32490	358.02
32500	358.09
32510	358.19
32520	358.27
32530	358.35
32540	358.36
32550	358.36
32560	358.35
32570	358.37
32580	358.34
32590	358.33
32600	358.39
32610	358.45
32620	358.59
32630	358.65
32640	358.71
32650	358.77
32660	358.86
32670	358.92
32680	358.95
32690	359.03
32700	359.07
32710	359.1
32720	359.13
32730	359.2
32740	359.22
32750	359.25
32760	359.26
32770	359.32
32780	359.37
32790	359.41
32800	359.45
32810	359.45
32820	359.49
32830	359.52
32840	359.47
32850	359.53
32860	359.6
32870	359.66
32880	359.76
32890	359.78
32900	359.83
32910	359.77
32920	359.73
32930	359.76
32940	359.83
32950	359.9
32960	359.93
32970	359.96
32980	359.99
32990	359.97
33000	359.97
33010	359.95
33020	360.02
33030	360.07
33040	360.0
33050	360.05
33060	360.13
33070	360.12
33080	360.15
33090	360.18
33100	360.19
33110	360.21
33120	360.21
33130	360.27
33140	360.27
33150	360.38
33160	360.48
33170	360.47
33180	360.54
33190	360.54
33200	360.51
33210	360.52
33220	360.53
33230	360.56
33240	360.58
33250	360.56
33260	360.66
33270	360.74
33280	360.72
33290	360.71
33300	360.75
33310	360.77
33320	360.72
33330	360.84
33340	360.91
33350	360.88
33360	360.89
33370	360.95
33380	360.98
33390	360.97
33400	361.02
33410	361.0
33420	361.0
33430	360.99
33440	361.0
33450	361.0
33460	361.01
33470	361.06
33480	361.09
33490	361.1
33500	361.15
33510	361.19
33520	361.3
33530	361.26
33540	361.31
33550	361.41
33560	361.44
33570	361.45
33580	361.43
33590	361.44
33600	361.43
33610	361.48
33620	361.49
33630	361.52
33640	361.5
33650	361.55
33660	361.57
33670	361.6
33680	361.64
33690	361.64
33700	361.71
33710	361.69
33720	361.72
33730	361.75
33740	361.81
33750	361.84
33760	361.93
33770	362.0
33780	362.04
33790	362.1
33800	362.14
33810	362.22
33820	362.25
33830	362.29
33840	362.32
33850	362.36
33860	362.4
33870	362.45
33880	362.47
33890	362.49
33900	362.57
33910	362.59
33920	362.56
33930	362.66
33940	362.6
33950	362.6
33960	362.58
33970	362.64
33980	362.69
33990	362.75
34000	362.72
34010	362.73
34020	362.83
34030	362.8
34040	362.82
34050	362.87
34060	362.95
34070	362.96
34080	362.98
34090	363.07
34100	363.12
34110	363.11
34120	363.09
34130	363.11
34140	363.17
34150	363.23
34160	363.27
34170	363.32
34180	363.39
34190	363.42
34200	363.43
34210	363.48
34220	363.49
34230	363.5
34240	363.51
34250	363.53
34260	363.6
34270	363.68
34280	363.69
34290	363.68
34300	363.61
34310	363.66
34320	363.71
34330	363.74
34340	363.87
34350	363.88
34360	363.98
34370	364.01
34380	364.04
34390	364.06
34400	364.13
34410	364.11
34420	364.13
34430	364.14
34440	364.22
34450	364.26
34460	364.27
34470	364.32
34480	364.39
34490	364.38
34500	364.44
34510	364.49
34520	364.5
34530	364.48
34540	364.54
34550	364.5
34560	364.58
34570	364.61
34580	364.66
34590	364.71
34600	364.8
34610	364.83
34620	364.82
34630	364.82
34640	364.89
34650	364.93
34660	364.99
34670	364.95
34680	364.99
34690	365.06
34700	365.08
34710	365.14
34720	365.13
34730	365.14
34740	365.08
34750	365.11
34760	365.18
34770	365.21
34780	365.29
34790	365.33
34800	365.31
34810	365.36
34820	365.42
34830	365.41
34840	365.51
34850	365.53
34860	365.58
34870	365.65
34880	365.69
34890	365.7
34900	365.69
34910	365.73
34920	365.67
34930	365.75
34940	365.81
34950	365.85
34960	365.9
34970	366.01
34980	365.95
34990	365.95
35000	366.01
35010	365.97
35020	366.05
35030	366.06
35040	366.12
35050	366.11
35060	366.13
35070	366.23
35080	366.21
35090	366.17
35100	366.17
35110	366.15
35120	366.14
35130	366.19
35140	366.12
35150	366.16
35160	366.25
35170	366.27
35180	366.3
35190	366.32
35200	366.3
35210	366.33
35220	366.33
35230	366.38
35240	366.34
35250	366.34
35260	366.29
35270	366.36
35280	366.45
35290	366.51
35300	366.48
35310	366.53
35320	366.57
35330	366.57
35340	366.56
35350	366.65
35360	366.64
35370	366.65
35380	366.64
35390	366.69
35400	366.66
35410	366.68
35420	366.71
35430	366.72
35440	366.73
35450	366.8
35460	366.77
35470	366.75
35480	366.75
35490	366.73
35500	366.76
35510	366.81
35520	366.85
35530	366.83
35540	366.9
35550	366.94
35560	367.0
35570	366.95
35580	367.05
35590	367.11
35600	367.14
35610	367.21
35620	367.25
35630	367.21
35640	367.23
35650	367.34
35660	367.38
35670	367.41
35680	367.49
35690	367.49
35700	367.55
35710	367.55
35720	367.57
35730	367.62
35740	367.62
35750	367.64
35760	367.71
35770	367.76
35780	367.75
35790	367.74
35800	367.74
35810	367.73
35820	367.73
35830	367.8
35840	367.91
35850	367.94
35860	368.01
35870	368.01
35880	368.13
35890	368.04
35900	368.01
35910	368.07
35920	368.08
35930	368.07
35940	368.09
35950	368.17
35960	368.22
35970	368.2
35980	368.25
35990	368.32
36000	368.37
36010	368.42
36020	368.39
36030	368.43
36040	368.54
36050	368.56
36060	368.55
36070	368.55
36080	368.58
36090	368.63
36100	368.63
36110	368.71
36120	368.78
36130	368.83
36140	368.81
36150	368.78
36160	368.85
36170	368.94
36180	369.02
36190	369.04
36200	369.11
36210	369.2
36220	369.23
36230	369.31
36240	369.32
36250	369.3
36260	369.36
36270	369.32
36280	369.42
36290	369.45
36300	369.47
36310	369.47
36320	369.49
36330	369.58
36340	369.64
36350	369.68
36360	369.71
36370	369.79
36380	369.87
36390	369.95
36400	369.89
36410	369.89
36420	369.97
36430	370.0
36440	370.06
36450	370.16
36460	370.18
36470	370.23
36480	370.28
36490	370.32
36500	370.32
36510	370.28
36520	370.29
36530	370.32
36540	370.39
36550	370.44
36560	370.53
36570	370.59
36580	370.57
36590	370.62
36600	370.57
36610	370.69
36620	370.71
36630	370.69
36640	370.74
36650	370.84
36660	370.84
36670	370.86
36680	370.92
36690	370.97
36700	370.98
36710	371.08
36720	371.06
36730	371.01
36740	370.99
36750	371.02
36760	371.06
36770	371.04
36780	371.09
36790	371.12
36800	371.18
36810	371.18
36820	371.18
36830	371.26
36840	371.31
36850	371.33
36860	371.29
36870	371.4
36880	371.41
36890	371.49
36900	371.5
36910	371.52
36920	371.56
36930	371.61
36940	371.68
36950	371.69
36960	371.72
36970	371.72
36980	371.7
36990	371.72
37000	371.77
37010	371.85
37020	371.88
37030	371.94
37040	371.96
37050	372.01
37060	372.0
37070	372.01
37080	372.07
37090	372.16
37100	372.18
37110	372.24
37120	372.3
37130	372.36
37140	372.42
37150	372.47
37160	372.46
37170	372.45
37180	372.53
37190	372.57
37200	372.58
37210	372.58
37220	372.57
37230	372.62
37240	372.68
37250	372.59
37260	372.64
37270	372.63
37280	372.66
37290	372.66
37300	372.66
37310	372.7
37320	372.74
37330	372.73
37340	372.8
37350	372.84
37360	372.84
37370	372.92
37380	372.92
37390	372.92
37400	372.99
37410	373.06
37420	373.06
37430	373.11
37440	373.08
37450	373.11
37460	373.13
37470	373.16
37480	373.13
37490	373.11
37500	373.12
37510	373.16
37520	373.1
37530	373.15
37540	373.27
37550	373.32
37560	373.38
37570	373.39
37580	373.37
37590	373.42
37600	373.42
37610	373.44
37620	373.5
37630	373.62
37640	373.67
37650	373.72
37660	373.76
37670	373.85
37680	373.91
37690	373.94
37700	373.98
37710	374.03
37720	373.98
37730	374.09
37740	374.09
37750	374.05
37760	374.08
37770	374.11
37780	374.11
37790	374.09
37800	374.18
37810	374.29
37820	374.3
37830	374.34
37840	374.4
37850	374.44
37860	374.48
37870	374.53
37880	374.58
37890	374.59
37900	374.6
37910	374.57
37920	374.5
37930	374.55
37940	374.53
37950	374.59
37960	374.63
37970	374.69
37980	374.69
37990	374.7
38000	374.77
38010	374.84
38020	374.86
38030	374.91
38040	375.0
38050	375.04
38060	375.03
38070	375.11
38080	375.18
38090	375.22
38100	375.24
38110	375.26
38120	375.31
38130	375.39
38140	375.38
38150	375.35
38160	375.36
38170	375.38
38180	375.48
38190	375.57
38200	375.57
38210	375.65
38220	375.68
38230	375.75
38240	375.74
38250	375.76
38260	375.9
38270	375.93
38280	376.0
38290	376.05
38300	376.09
38310	376.14
38320	376.2
38330	376.21
38340	376.25
38350	376.26
38360	376.36
38370	376.43
38380	376.48
38390	376.55
38400	376.54
38410	376.6
38420	376.62
38430	376.63
38440	376.67
38450	376.61
38460	376.6
38470	376.63
38480	376.63
38490	376.57
38500	376.61
38510	376.54
38520	376.53
38530	376.59
38540	376.61
38550	376.64
38560	376.67
38570	376.72
38580	376.76
38590	376.8
38600	376.89
38610	376.84
38620	376.93
38630	376.96
38640	377.05
38650	377.08
38660	377.15
38670	377.15
38680	377.19
38690	377.23
38700	377.26
38710	377.28
38720	377.28
38730	377.29
38740	377.35
38750	377.31
38760	377.36
38770	377.4
38780	377.48
38790	377.52
38800	377.53
38810	377.56
38820	377.61
38830	377.69
38840	377.75
38850	377.78
38860	377.8
38870	377.78
38880	377.86
38890	377.84
38900	377.9
38910	377.89
38920	377.95
38930	377.92
38940	377.85
38950	377.85
38960	377.86
38970	377.92
38980	377.98
38990	378.05
39000	378.09
39010	378.09
39020	378.08
39030	378.05
39040	378.12
39050	378.18
39060	378.21
39070	378.22
39080	378.22
39090	378.26
39100	378.33
39110	378.38
39120	378.41
39130	378.43
39140	378.5
39150	378.52
39160	378.51
39170	378.55
39180	378.65
39190	378.68
39200	378.69
39210	378.74
39220	378.73
39230	378.78
39240	378.78
39250	378.8
39260	378.82
39270	378.83
39280	378.84
39290	378.83
39300	378.85
39310	378.86
39320	378.92
39330	378.97
39340	379.02
39350	379.05
39360	379.09
39370	379.12
39380	379.16
39390	379.14
39400	379.14
39410	379.11
39420	379.09
39430	379.15
39440	379.21
39450	379.27
39460	379.28
39470	379.28
39480	379.34
39490	379.37
39500	379.37
39510	379.38
39520	379.34
39530	379.38
39540	379.48
39550	379.5
39560	379.56
39570	379.54
39580	379.57
39590	379.58
39600	379.63
39610	379.67
39620	379.72
39630	379.76
39640	379.8
39650	379.89
39660	379.91
39670	379.94
39680	379.99
39690	380.05
39700	380.03
39710	380.03
39720	380.08
39730	380.08
39740	380.05
39750	380.1
39760	380.14
39770	380.18
39780	380.21
39790	380.24
39800	380.33
39810	380.37
39820	380.43
39830	380.45
39840	380.36
39850	380.35
39860	380.42
39870	380.46
39880	380.46
39890	380.5
39900	380.55
39910	380.63
39920	380.68
39930	380.69
39940	380.71
39950	380.75
39960	380.75
39970	380.76
39980	380.78
39990	380.8
40000	380.82
40010	380.82
40020	380.91
40030	381.02
40040	381.11
40050	381.15
40060	381.14
40070	381.23
40080	381.25
40090	381.27
40100	381.28
40110	381.24
40120	381.29
40130	381.33
40140	381.36
40150	381.4
40160	381.42
40170	381.42
40180	381.49
40190	381.56
40200	381.64
40210	381.65
40220	381.66
40230	381.68
40240	381.67
40250	381.69
40260	381.73
40270	381.75
40280	381.75
40290	381.8
40300	381.81
40310	381.89
40320	381.91
40330	381.93
40340	381.93
40350	381.9
40360	381.92
40370	381.93
40380	382.0
40390	382.09
40400	382.06
40410	382.1
40420	382.22
40430	382.27
40440	382.32
40450	382.34
40460	382.36
40470	382.34
40480	382.35
40490	382.37
40500	382.32
40510	382.31
40520	382.29
40530	382.32
40540	382.32
40550	382.37
40560	382.41
40570	382.45
40580	382.51
40590	382.49
40600	382.51
40610	382.6
40620	382.6
40630	382.63
40640	382.65
40650	382.69
40660	382.66
40670	382.71
40680	382.73
40690	382.76
40700	382.78
40710	382.75
40720	382.77
40730	382.82
40740	382.88
40750	382.85
40760	382.85
40770	382.86
40780	382.92
40790	382.96
40800	382.97
40810	383.02
40820	383.06
40830	383.17
40840	383.19
40850	383.21
40860	383.26
40870	383.28
40880	383.33
40890	383.36
40900	383.38
40910	383.37
40920	383.41
40930	383.37
40940	383.42
40950	383.44
40960	383.52
40970	383.51
40980	383.57
40990	383.59
41000	383.59
41010	383.63
41020	383.66
41030	383.68
41040	383.66
41050	383.68
41060	383.72
41070	383.72
41080	383.79
41090	383.77
41100	383.71
41110	383.73
41120	383.75
41130	383.76
41140	383.73
41150	383.76
41160	383.79
41170	383.82
41180	383.79
41190	383.79
41200	383.83
41210	383.86
41220	383.83
41230	383.85
41240	383.93
41250	383.97
41260	383.97
41270	384.07
41280	384.1
41290	384.14
41300	384.14
41310	384.21
41320	384.24
41330	384.24
41340	384.21
41350	384.24
41360	384.27
41370	384.36
41380	384.35
41390	384.36
41400	384.35
41410	384.36
41420	384.36
41430	384.46
41440	384.41
41450	384.4
41460	384.43
41470	384.44
41480	384.51
41490	384.53
41500	384.52
41510	384.55
41520	384.62
41530	384.68
41540	384.73
41550	384.68
41560	384.76
41570	384.74
41580	384.82
41590	384.83
41600	384.87
41610	384.91
41620	384.92
41630	384.95
41640	384.97
41650	385.06
41660	385.03
41670	385.04
41680	385.1
41690	385.12
41700	385.13
41710	385.15
41720	385.21
41730	385.2
41740	385.2
41750	385.23
41760	385.25
41770	385.29
41780	385.32
41790	385.34
41800	385.36
41810	385.36
41820	385.43
41830	385.42
41840	385.42
41850	385.49
41860	385.52
41870	385.56
41880	385.55
41890	385.57
41900	385.59
41910	385.67
41920	385.71
41930	385.73
41940	385.77
41950	385.83
41960	385.9
41970	385.97
41980	386.03
41990	386.08
42000	386.08
42010	386.1
42020	386.19
42030	386.24
42040	386.27
42050	386.27
42060	386.34
42070	386.29
42080	386.38
42090	386.38
42100	386.46
42110	386.46
42120	386.51
42130	386.53
42140	386.58
42150	386.64
42160	386.64
42170	386.65
42180	386.76
42190	386.76
42200	386.75
42210	386.82
42220	386.86
42230	386.84
42240	386.92
42250	386.99
42260	387.0
42270	387.02
42280	387.04
42290	386.99
42300	387.0
42310	387.1
42320	387.08
42330	387.07
42340	387.14
42350	387.1
42360	387.12
42370	387.12
42380	387.15
42390	387.18
42400	387.2
42410	387.19
42420	387.24
42430	387.22
42440	387.25
42450	387.22
42460	387.27
42470	387.27
42480	387.34
42490	387.38
42500	387.48
42510	387.46
42520	387.51
42530	387.56
42540	387.62
42550	387.65
42560	387.65
42570	387.72
42580	387.75
42590	387.74
42600	387.87
42610	387.85
42620	387.88
42630	387.87
42640	387.93
42650	387.97
42660	388.01
42670	388.0
42680	388.11
42690	388.23
42700	388.28
42710	388.29
42720	388.38
42730	388.37
42740	388.4
42750	388.44
42760	388.46
42770	388.49
42780	388.44
42790	388.52
42800	388.57
42810	388.6
42820	388.54
42830	388.56
42840	388.56
42850	388.6
42860	388.61
42870	388.67
42880	388.71
42890	388.74
42900	388.86
42910	388.89
42920	388.9
42930	388.94
42940	388.96
42950	389.08
42960	389.08
42970	389.12
42980	389.17
42990	389.2
43000	389.19
43010	389.23
43020	389.26
43030	389.27
43040	389.29
43050	389.27
43060	389.3
43070	389.3
43080	389.28
43090	389.27
43100	389.31
43110	389.32
43120	389.38
43130	389.43
43140	389.48
43150	389.54
43160	389.56
43170	389.54
43180	389.55
43190	389.61
43200	389.61
43210	389.64
43220	389.61
43230	389.65
43240	389.71
43250	389.82
43260	389.79
43270	389.79
43280	389.8
43290	389.82
43300	389.84
43310	389.86
43320	389.84
43330	389.88
43340	389.96
43350	390.05
43360	390.08
43370	390.04
43380	390.06
43390	390.14
43400	390.13
43410	390.24
43420	390.27
43430	390.31
43440	390.31
43450	390.38
43460	390.42
43470	390.44
43480	390.47
43490	390.48
43500	390.46
43510	390.47
43520	390.5
43530	390.52
43540	390.48
43550	390.51
43560	390.56
43570	390.59
43580	390.64
43590	390.62
43600	390.72
43610	390.75
43620	390.77
43630	390.76
43640	390.76
43650	390.85
43660	390.79
43670	390.82
43680	390.84
43690	390.9
43700	390.9
43710	390.92
43720	390.93
43730	391.0
43740	391.01
43750	391.01
43760	390.98
43770	390.96
43780	391.07
43790	391.11
43800	391.1
43810	391.1
43820	391.16
43830	391.25
43840	391.22
43850	391.19
43860	391.23
43870	391.25
43880	391.31
43890	391.33
43900	391.41
43910	391.45
43920	391.47
43930	391.49
43940	391.52
43950	391.55
43960	391.6
43970	391.6
43980	391.61
43990	391.57
44000	391.68
44010	391.73
44020	391.79
44030	391.79
44040	391.78
44050	391.81
44060	391.83
44070	391.86
44080	391.85
44090	391.91
44100	391.96
44110	391.93
44120	391.91
44130	392.0
44140	392.03
44150	392.04
44160	392.13
44170	392.1
44180	392.1
44190	392.15
44200	392.16
44210	392.19
44220	392.2
44230	392.28
44240	392.22
44250	392.22
44260	392.28
44270	392.3
44280	392.4
44290	392.45
44300	392.49
44310	392.54
44320	392.49
44330	392.49
44340	392.54
44350	392.53
44360	392.56
44370	392.57
44380	392.67
44390	392.71
44400	392.75
44410	392.76
44420	392.66
44430	392.69
44440	392.72
44450	392.78
44460	392.8
44470	392.75
44480	392.81
44490	392.85
44500	392.89
44510	392.87
44520	392.87
44530	392.9
44540	392.94
44550	392.96
44560	392.98
44570	392.95
44580	392.97
44590	392.98
44600	393.03
44610	393.06
44620	393.08
44630	393.14
44640	393.09
44650	393.15
44660	393.18
44670	393.26
44680	393.24
44690	393.33
44700	393.34
44710	393.39
44720	393.41
44730	393.46
44740	393.44
44750	393.45
44760	393.46
44770	393.44
44780	393.49
44790	393.55
44800	393.56
44810	393.58
44820	393.61
44830	393.6
44840	393.62
44850	393.62
44860	393.66
44870	393.66
44880	393.64
44890	393.72
44900	393.75
44910	393.75
44920	393.8
44930	393.83
44940	393.85
44950	393.87
44960	393.87
44970	393.94
44980	393.98
44990	394.02
45000	394.07
45010	394.08
45020	394.09
45030	394.1
45040	394.1
45050	394.19
45060	394.2
45070	394.22
45080	394.21
45090	394.25
45100	394.27
45110	394.32
45120	394.3
45130	394.33
45140	394.42
45150	394.45
45160	394.5
45170	394.49
45180	394.54
45190	394.55
45200	394.54
45210	394.61
45220	394.67
45230	394.75
45240	394.77
45250	394.77
45260	394.8
45270	394.88
45280	394.91
45290	394.91
45300	394.94
45310	395.0
45320	395.02
45330	395.08
45340	395.16
45350	395.19
45360	395.24
45370	395.28
45380	395.31
45390	395.38
45400	395.39
45410	395.44
45420	395.47
45430	395.43
45440	395.42
45450	395.52
45460	395.51
45470	395.5
45480	395.52
45490	395.53
45500	395.6
45510	395.62
45520	395.64
45530	395.65
45540	395.64
45550	395.67
45560	395.7
45570	395.72
45580	395.76
45590	395.78
45600	395.88
45610	395.92
45620	395.92
45630	395.99
45640	396.05
45650	396.03
45660	396.0
45670	396.07
45680	396.07
45690	396.1
45700	396.09
45710	396.19
45720	396.24
45730	396.25
45740	396.28
45750	396.32
45760	396.32
45770	396.39
45780	396.51
45790	396.55
45800	396.58
45810	396.63
45820	396.64
45830	396.71
45840	396.78
45850	396.82
45860	396.87
45870	396.89
45880	396.91
45890	396.95
45900	396.99
45910	397.05
45920	397.05
45930	397.04
45940	397.03
45950	397.07
45960	397.1
45970	397.04
45980	397.08
45990	397.06
46000	397.06
46010	397.05
46020	397.09
46030	397.08
46040	397.07
46050	397.09
46060	397.04
46070	397.1
46080	397.11
46090	397.09
46100	397.06
46110	397.12
46120	397.17
46130	397.17
46140	397.23
46150	397.22
46160	397.26
46170	397.27
46180	397.25
46190	397.31
46200	397.35
46210	397.35
46220	397.39
46230	397.43
46240	397.46
46250	397.45
46260	397.47
46270	397.46
46280	397.47
46290	397.43
46300	397.47
46310	397.54
46320	397.53
46330	397.57
46340	397.6
46350	397.59
46360	397.62
46370	397.66
46380	397.68
46390	397.72
46400	397.75
46410	397.74
46420	397.75
46430	397.76
46440	397.79
46450	397.83
46460	397.84
46470	397.88
46480	397.88
46490	397.88
46500	397.87
46510	397.88
46520	397.87
46530	397.92
46540	397.93
46550	397.96
46560	398.0
46570	398.02
46580	398.07
46590	398.09
46600	398.02
46610	398.11
46620	398.08
46630	398.09
46640	398.12
46650	398.21
46660	398.18
46670	398.24
46680	398.3
46690	398.31
46700	398.3
46710	398.3
46720	398.34
46730	398.36
46740	398.45
46750	398.43
46760	398.39
46770	398.44
46780	398.48
46790	398.53
46800	398.54
46810	398.54
46820	398.63
46830	398.65
46840	398.7
46850	398.72
46860	398.74
46870	398.67
46880	398.74
46890	398.81
46900	398.79
46910	398.8
46920	398.78
46930	398.84
46940	398.95
46950	398.98
46960	399.03
46970	399.05
46980	399.03
46990	399.04
47000	399.09
47010	399.09
47020	399.1
47030	399.09
47040	399.12
47050	399.19
47060	399.21
47070	399.24
47080	399.25
47090	399.28
47100	399.28
47110	399.34
47120	399.39
47130	399.45
47140	399.44
47150	399.5
47160	399.47
47170	399.49
47180	399.43
47190	399.45
47200	399.47
47210	399.46
47220	399.48
47230	399.41
47240	399.43
47250	399.46
47260	399.44
47270	399.56
47280	399.55
47290	399.53
47300	399.52
47310	399.55
47320	399.48
47330	399.53
47340	399.57
47350	399.59
47360	399.63
47370	399.63
47380	399.67
47390	399.71
47400	399.71
47410	399.74
47420	399.73
47430	399.71
47440	399.74
47450	399.74
47460	399.8
47470	399.81
47480	399.79
47490	399.82
47500	399.89
47510	400.02
47520	400.12
47530	400.1
47540	400.15
47550	400.1
47560	400.11
47570	400.12
47580	400.12
47590	400.09
47600	400.13
47610	400.18
47620	400.19
47630	400.21
47640	400.28
47650	400.34
47660	400.38
47670	400.4
47680	400.45
47690	400.49
47700	400.52
47710	400.63
47720	400.66
47730	400.67
47740	400.71
47750	400.78
47760	400.77
47770	400.81
47780	400.81
47790	400.78
47800	400.76
47810	400.75
47820	400.75
47830	400.74
47840	400.75
47850	400.75
47860	400.75
47870	400.76
47880	400.82
47890	400.86
47900	400.86
47910	400.88
47920	400.89
47930	400.88
47940	400.88
47950	400.95
47960	400.99
47970	401.03
47980	401.07
47990	401.11
48000	401.15
48010	401.18
48020	401.19
48030	401.22
48040	401.28
48050	401.31
48060	401.29
48070	401.33
48080	401.33
48090	401.33
48100	401.36
48110	401.4
48120	401.45
48130	401.48
48140	401.5
48150	401.53
48160	401.54
48170	401.58
48180	401.68
48190	401.77
48200	401.78
48210	401.89
48220	401.94
48230	401.98
48240	402.0
48250	402.04
48260	402.09
48270	402.09
48280	402.13
48290	402.13
48300	402.14
48310	402.22
48320	402.24
48330	402.27
48340	402.29
48350	402.32
48360	402.35
48370	402.35
48380	402.37
48390	402.39
48400	402.41
48410	402.37
48420	402.47
48430	402.46
48440	402.48
48450	402.51
48460	402.55
48470	402.58
48480	402.63
48490	402.63
48500	402.6
48510	402.64
48520	402.69
48530	402.74
48540	402.74
48550	402.74
48560	402.72
48570	402.76
48580	402.81
48590	402.82
48600	402.75
48610	402.76
48620	402.7
48630	402.76
48640	402.82
48650	402.82
48660	402.84
48670	402.93
48680	402.94
48690	403.01
48700	402.99
48710	403.01
48720	403.07
48730	403.06
48740	403.05
48750	403.1
48760	403.05
48770	403.04
48780	403.02
48790	403.05
48800	403.08
48810	403.1
48820	403.14
48830	403.15
48840	403.2
48850	403.22
48860	403.21
48870	403.28
48880	403.27
48890	403.25
48900	403.27
48910	403.31
48920	403.39
48930	403.44
48940	403.47
48950	403.49
48960	403.52
48970	403.55
48980	403.54
48990	403.59
49000	403.53
49010	403.59
49020	403.69
49030	403.75
49040	403.81
49050	403.81
49060	403.82
49070	403.82
49080	403.87
49090	403.9
49100	403.89
49110	403.92
49120	404.01
49130	404.11
49140	404.11
49150	404.14
49160	404.16
49170	404.18
49180	404.19
49190	404.21
49200	404.25
49210	404.24
49220	404.28
49230	404.3
49240	404.34
49250	404.35
49260	404.35
49270	404.37
49280	404.42
49290	404.39
49300	404.48
49310	404.49
49320	404.47
49330	404.42
49340	404.48
49350	404.54
49360	404.58
49370	404.61
49380	404.65
49390	404.69
49400	404.75
49410	404.77
49420	404.81
49430	404.93
49440	404.97
49450	405.02
49460	405.02
49470	405.05
49480	405.03
49490	405.07
49500	405.09
49510	405.1
49520	405.15
49530	405.2
49540	405.25
49550	405.24
49560	405.25
49570	405.29
49580	405.32
49590	405.36
49600	405.3
49610	405.33
49620	405.4
49630	405.45
49640	405.46
49650	405.48
49660	405.5
49670	405.56
49680	405.61
49690	405.66
49700	405.64
49710	405.66
49720	405.65
49730	405.69
49740	405.72
49750	405.7
49760	405.71
49770	405.73
49780	405.74
49790	405.73
49800	405.76
49810	405.81
49820	405.87
49830	405.87
49840	405.94
49850	405.95
49860	405.99
49870	405.98
49880	405.99
49890	406.01
49900	406.03
49910	406.06
49920	406.14
49930	406.1
49940	406.13
49950	406.14
49960	406.18
49970	406.14
49980	406.17
49990	406.19
50000	406.21
50010	406.18
50020	406.25
50030	406.26
50040	406.29
50050	406.31
50060	406.3
50070	406.37
50080	406.35
50090	406.35
50100	406.41
50110	406.48
50120	406.48
50130	406.55
50140	406.6
50150	406.65
50160	406.72
50170	406.65
50180	406.69
50190	406.73
50200	406.78
50210	406.8
50220	406.82
50230	406.8
50240	406.8
50250	406.84
50260	406.95
50270	406.94
50280	406.95
50290	406.96
50300	407.0
50310	407.11
50320	407.14
50330	407.09
50340	407.11
50350	407.18
50360	407.19
50370	407.24
50380	407.27
50390	407.22
50400	407.31
50410	407.4
50420	407.41
50430	407.47
50440	407.5
50450	407.52
50460	407.56
50470	407.53
50480	407.54
50490	407.54
50500	407.54
50510	407.56
50520	407.6
50530	407.63
50540	407.66
50550	407.67
50560	407.7
50570	407.7
50580	407.71
50590	407.76
50600	407.81
50610	407.86
50620	407.89
50630	407.86
50640	407.94
50650	407.94
50660	407.93
50670	407.97
50680	407.96
50690	407.98
50700	408.0
50710	408.0
50720	407.98
50730	408.08
50740	408.14
50750	408.19
50760	408.21
50770	408.21
50780	408.21
50790	408.2
50800	408.25
50810	408.33
50820	408.33
50830	408.37
50840	408.42
50850	408.43
50860	408.42
50870	408.44
50880	408.46
50890	408.47
50900	408.48
50910	408.47
50920	408.48
50930	408.53
50940	408.54
50950	408.53
50960	408.6
50970	408.6
50980	408.59
50990	408.6
51000	408.67
51010	408.7
51020	408.72
51030	408.78
51040	408.83
51050	408.87
51060	408.85
51070	408.89
51080	408.9
51090	408.86
51100	408.86
51110	408.85
51120	408.91
51130	408.91
51140	408.95
51150	408.94
51160	409.01
51170	409.02
51180	408.99
51190	409.03
51200	409.02
51210	409.04
51220	409.06
51230	409.08
51240	409.07
51250	409.08
51260	409.07
51270	409.08
51280	409.11
51290	409.12
51300	409.13
51310	409.21
51320	409.24
51330	409.23
51340	409.26
51350	409.27
51360	409.3
51370	409.36
51380	409.41
51390	409.35
51400	409.38
51410	409.4
51420	409.4
51430	409.45
51440	409.48
51450	409.49
51460	409.5
51470	409.51
51480	409.48
51490	409.49
51500	409.56
51510	409.57
51520	409.59
51530	409.65
51540	409.63
51550	409.56
51560	409.53
51570	409.53
51580	409.55
51590	409.64
51600	409.68
51610	409.66
51620	409.7
51630	409.7
51640	409.67
51650	409.73
51660	409.74
51670	409.73
51680	409.74
51690	409.72
51700	409.75
51710	409.8
51720	409.85
51730	409.86
51740	409.9
51750	409.93
51760	409.97
51770	410.02
51780	410.0
51790	410.05
51800	410.01
51810	410.01
51820	410.01
51830	410.08
51840	410.08
51850	410.05
51860	410.07
51870	410.1
51880	410.09
51890	410.09
51900	410.07
51910	410.12
51920	410.09
51930	410.09
51940	410.05
51950	410.08
51960	410.21
51970	410.23
51980	410.25
51990	410.28
52000	410.34
52010	410.39
52020	410.38
52030	410.36
52040	410.37
52050	410.4
52060	410.42
52070	410.43
52080	410.47
52090	410.47
52100	410.51
52110	410.56
52120	410.55
52130	410.57
52140	410.59
52150	410.61
52160	410.61
52170	410.66
52180	410.7
52190	410.71
52200	410.72
52210	410.78
52220	410.83
52230	410.85
52240	410.9
52250	410.98
52260	411.04
52270	411.09
52280	411.05
52290	411.03
52300	411.05
52310	411.11
52320	411.14
52330	411.14
52340	411.12
52350	411.15
52360	411.18
52370	411.22
52380	411.23
52390	411.28
52400	411.28
52410	411.27
52420	411.23
52430	411.26
52440	411.27
52450	411.26
52460	411.31
52470	411.3
52480	411.34
52490	411.35
52500	411.4
52510	411.42
52520	411.42
52530	411.47
52540	411.52
52550	411.57
52560	411.58
52570	411.52
52580	411.53
52590	411.62
52600	411.61
52610	411.66
52620	411.69
52630	411.65
52640	411.65
52650	411.72
52660	411.77
52670	411.82
52680	411.8
52690	411.79
52700	411.81
52710	411.77
52720	411.78
52730	411.8
52740	411.82
52750	411.84
52760	411.83
52770	411.86
52780	411.92
52790	411.94
52800	411.97
52810	411.98
52820	411.95
52830	412.02
52840	412.08
52850	412.13
52860	412.11
52870	412.11
52880	412.16
52890	412.17
52900	412.18
52910	412.22
52920	412.21
52930	412.19
52940	412.22
52950	412.26
52960	412.27
52970	412.34
52980	412.39
52990	412.39
53000	412.4
53010	412.43
53020	412.42
53030	412.44
53040	412.54
53050	412.57
53060	412.56
53070	412.58
53080	412.62
53090	412.64
53100	412.65
53110	412.7
53120	412.73
53130	412.75
53140	412.77
53150	412.84
53160	412.91
53170	412.94
53180	412.93
53190	412.94
53200	412.99
53210	413.06
53220	413.08
53230	413.09
53240	413.08
53250	413.1
53260	413.1
53270	413.19
53280	413.24
53290	413.25
53300	413.22
53310	413.23
53320	413.18
53330	413.2
53340	413.21
53350	413.31
53360	413.38
53370	413.36
53380	413.39
53390	413.38
53400	413.39
53410	413.42
53420	413.47
53430	413.45
53440	413.5
53450	413.49
53460	413.55
53470	413.56
53480	413.58
53490	413.57
53500	413.57
53510	413.65
53520	413.67
53530	413.69
53540	413.7
53550	413.72
53560	413.75
53570	413.77
53580	413.74
53590	413.72
53600	413.78
53610	413.75
53620	413.72
53630	413.73
53640	413.73
53650	413.76
53660	413.77
53670	413.79
53680	413.8
53690	413.84
53700	413.85
53710	413.85
53720	413.9
53730	413.9
53740	413.89
53750	413.92
53760	413.93
53770	413.99
53780	414.01
53790	414.03
53800	414.11
53810	414.04
53820	414.03
53830	414.0
53840	414.02
53850	414.08
53860	414.13
53870	414.14
53880	414.08
53890	414.08
53900	414.12
53910	414.12
53920	414.14
53930	414.19
53940	414.22
53950	414.24
53960	414.29
53970	414.33
53980	414.37
53990	414.49
54000	414.52
54010	414.56
54020	414.59
54030	414.63
54040	414.62
54050	414.66
54060	414.6
54070	414.63
54080	414.65
54090	414.66
54100	414.72
54110	414.79
54120	414.82
54130	414.86
54140	414.86
54150	414.86
54160	414.9
54170	414.91
54180	414.92
54190	414.93
54200	414.92
54210	414.91
54220	414.92
54230	414.96
54240	415.0
54250	415.0
54260	415.0
54270	415.0
54280	415.0
54290	415.01
54300	415.09
54310	415.12
54320	415.17
54330	415.19
54340	415.19
54350	415.27
54360	415.28
54370	415.27
54380	415.34
54390	415.39
54400	415.48
54410	415.53
54420	415.64
54430	415.67
54440	415.63
54450	415.63
54460	415.68
54470	415.67
54480	415.68
54490	415.7
54500	415.75
54510	415.73
54520	415.78
54530	415.82
54540	415.83
54550	415.88
54560	415.92
54570	415.96
54580	415.99
54590	416.02
54600	416.03
54610	416.07
54620	416.12
54630	416.13
54640	416.21
54650	416.23
54660	416.21
54670	416.25
54680	416.28
54690	416.29
54700	416.31
54710	416.32
54720	416.33
54730	416.32
54740	416.36
54750	416.37
54760	416.38
54770	416.42
54780	416.42
54790	416.43
54800	416.38
54810	416.41
54820	416.43
54830	416.46
54840	416.44
54850	416.43
54860	416.45
54870	416.47
54880	416.56
54890	416.54
54900	416.6
54910	416.65
54920	416.63
54930	416.65
54940	416.61
54950	416.6
54960	416.59
54970	416.58
54980	416.6
54990	416.62
55000	416.62
55010	416.64
55020	416.6
55030	416.6
55040	416.56
55050	416.58
55060	416.58
55070	416.58
55080	416.64
55090	416.67
55100	416.65
55110	416.65
55120	416.65
55130	416.68
55140	416.7
55150	416.68
55160	416.68
55170	416.69
55180	416.72
55190	416.75
55200	416.79
55210	416.8
55220	416.86
55230	416.89
55240	416.88
55250	416.94
55260	416.99
55270	417.04
55280	417.08
55290	417.12
55300	417.17
55310	417.18
55320	417.24
55330	417.27
55340	417.24
55350	417.29
55360	417.32
55370	417.39
55380	417.42
55390	417.49
55400	417.46
55410	417.49
55420	417.5
55430	417.49
55440	417.52
55450	417.57
55460	417.57
55470	417.54
55480	417.54
55490	417.54
55500	417.59
55510	417.64
55520	417.63
55530	417.67
55540	417.66
55550	417.66
55560	417.61
55570	417.67
55580	417.7
55590	417.7
55600	417.74
55610	417.75
55620	417.79
55630	417.77
55640	417.8
55650	417.81
55660	417.8
55670	417.79
55680	417.8
55690	417.88
55700	417.94
55710	417.93
55720	417.93
55730	417.96
55740	417.95
55750	417.98
55760	417.99
55770	418.02
55780	418.11
55790	418.14
55800	418.17
55810	418.22
55820	418.24
55830	418.2
55840	418.21
55850	418.21
55860	418.25
55870	418.28
55880	418.32
55890	418.34
55900	418.41
55910	418.4
55920	418.41
55930	418.48
55940	418.51
55950	418.53
55960	418.53
55970	418.56
55980	418.53
55990	418.52
56000	418.57
56010	418.59
56020	418.6
56030	418.65
56040	418.62
56050	418.62
56060	418.61
56070	418.61
56080	418.63
56090	418.67
56100	418.67
56110	418.7
56120	418.71
56130	418.73
56140	418.74
56150	418.73
56160	418.82
56170	418.87
56180	418.9
56190	418.92
56200	418.95
56210	418.97
56220	419.04
56230	419.06
56240	419.07
56250	419.07
56260	419.08
56270	419.07
56280	418.98
56290	418.98
56300	418.96
56310	418.98
56320	419.02
56330	419.02
56340	419.05
56350	419.09
56360	419.09
56370	419.11
56380	419.13
56390	419.2
56400	419.19
56410	419.15
56420	419.12
56430	419.19
56440	419.19
56450	419.17
56460	419.21
56470	419.23
56480	419.24
56490	419.26
56500	419.27
56510	419.32
56520	419.28
56530	419.27
56540	419.28
56550	419.24
56560	419.29
56570	419.26
56580	419.33
56590	419.35
56600	419.38
56610	419.43
56620	419.46
56630	419.44
56640	419.45
56650	419.43
56660	419.44
56670	419.46
56680	419.53
56690	419.54
56700	419.57
56710	419.58
56720	419.55
56730	419.57
56740	419.59
56750	419.58
56760	419.56
56770	419.62
56780	419.65
56790	419.65
56800	419.66
56810	419.65
56820	419.65
56830	419.68
56840	419.65
56850	419.63
56860	419.66
56870	419.73
56880	419.8
56890	419.85
56900	419.88
56910	419.89
56920	419.92
56930	419.91
56940	419.95
56950	420.0
56960	420.02
56970	420.01
56980	420.08
56990	420.08
57000	420.11
57010	420.15
57020	420.18
57030	420.16
57040	420.18
57050	420.18
57060	420.24
57070	420.23
57080	420.26
57090	420.26
57100	420.25
57110	420.27
57120	420.33
57130	420.39
57140	420.47
57150	420.48
57160	420.56
57170	420.57
57180	420.56
57190	420.57
57200	420.59
57210	420.55
57220	420.56
57230	420.6
57240	420.61
57250	420.64
57260	420.63
57270	420.59
57280	420.62
57290	420.61
57300	420.65
57310	420.7
57320	420.77
57330	420.79
57340	420.89
57350	420.9
57360	420.89
57370	420.87
57380	420.92
57390	420.99
57400	421.05
57410	421.08
57420	421.12
57430	421.14
57440	421.12
57450	421.16
57460	421.15
57470	421.15
57480	421.15
57490	421.18
57500	421.26
57510	421.28
57520	421.26
57530	421.22
57540	421.21
57550	421.22
57560	421.24
57570	421.22
57580	421.2
57590	421.28
57600	421.28
57610	421.27
57620	421.27
57630	421.28
57640	421.28
57650	421.34
57660	421.34
57670	421.37
57680	421.36
57690	421.4
57700	421.44
57710	421.45
57720	421.44
57730	421.51
57740	421.49
57750	421.52
57760	421.49
57770	421.5
57780	421.5
57790	421.5
57800	421.49
57810	421.48
57820	421.5
57830	421.52
57840	421.52
57850	421.47
57860	421.49
57870	421.45
57880	421.49
57890	421.55
57900	421.52
57910	421.5
57920	421.54
57930	421.58
57940	421.62
57950	421.59
57960	421.66
57970	421.65
57980	421.67
57990	421.68
58000	421.64
58010	421.61
58020	421.66
58030	421.68
58040	421.68
58050	421.65
58060	421.65
58070	421.66
58080	421.69
58090	421.69
58100	421.71
58110	421.72
58120	421.74
58130	421.75
58140	421.76
58150	421.78
58160	421.8
58170	421.84
58180	421.82
58190	421.89
58200	421.92
58210	421.92
58220	421.95
58230	422.0
58240	422.02
58250	422.01
58260	421.99
58270	421.98
58280	421.98
58290	421.98
58300	422.01
58310	422.02
58320	422.08
58330	422.1
58340	422.15
58350	422.19
58360	422.18
58370	422.19
58380	422.17
58390	422.17
58400	422.15
58410	422.14
58420	422.15
58430	422.21
58440	422.23
58450	422.25
58460	422.26
58470	422.27
58480	422.28
58490	422.33
58500	422.29
58510	422.3
58520	422.27
58530	422.28
58540	422.29
58550	422.28
58560	422.32
58570	422.35
58580	422.38
58590	422.41
58600	422.38
58610	422.45
58620	422.46
58630	422.46
58640	422.5
58650	422.48
58660	422.51
58670	422.55
58680	422.62
58690	422.69
58700	422.7
58710	422.73
58720	422.76
58730	422.77
58740	422.8
58750	422.86
58760	422.9
58770	422.92
58780	422.95
58790	422.99
58800	423.02
58810	423.03
58820	423.03
58830	423.05
58840	423.06
58850	423.08
58860	423.08
58870	423.07
58880	423.1
58890	423.12
58900	423.14
58910	423.22
58920	423.26
58930	423.25
58940	423.27
58950	423.28
58960	423.3
58970	423.31
58980	423.32
58990	423.35
59000	423.3
59010	423.27
59020	423.33
59030	423.32
59040	423.34
59050	423.33
59060	423.31
59070	423.34
59080	423.39
59090	423.42
59100	423.42
59110	423.43
59120	423.42
59130	423.46
59140	423.5
59150	423.49
59160	423.49
59170	423.5
59180	423.53
59190	423.55
59200	423.55
59210	423.56
59220	423.63
59230	423.61
59240	423.65
59250	423.71
59260	423.68
59270	423.68
59280	423.75
59290	423.78
59300	423.84
59310	423.82
59320	423.81
59330	423.8
59340	423.78
59350	423.77
59360	423.82
59370	423.81
59380	423.83
59390	423.79
59400	423.8
59410	423.81
59420	423.84
59430	423.82
59440	423.85
59450	423.85
59460	423.82
59470	423.8
59480	423.77
59490	423.81
59500	423.86
59510	423.84
59520	423.85
59530	423.87
59540	423.83
59550	423.84
59560	423.87
59570	423.86
59580	423.89
59590	423.94
59600	424.0
59610	424.0
59620	424.01
59630	424.08
59640	424.04
59650	424.04
59660	424.07
59670	424.1
59680	424.11
59690	424.13
59700	424.16
59710	424.21
59720	424.18
59730	424.17
59740	424.2
59750	424.18
59760	424.2
59770	424.19
59780	424.21
59790	424.21
59800	424.2
59810	424.27
59820	424.3
59830	424.32
59840	424.34
59850	424.36
59860	424.38
59870	424.41
59880	424.46
59890	424.53
59900	424.51
59910	424.5
59920	424.56
59930	424.55
59940	424.56
59950	424.51
59960	424.55
59970	424.56
59980	424.55
59990	424.55
60000	424.55
