10	0.45
20	0.76
30	1.13
40	1.34
50	1.42
60	1.77
70	2.09
80	2.42
90	2.84
100	3.02
110	3.3
120	3.63
130	3.88
140	4.21
150	4.49
160	4.95
170	5.23
180	5.67
190	6.24
200	6.49
210	6.74
220	6.83
230	7.14
240	7.53
250	7.67
260	8.04
270	8.5
280	9.03
290	9.33
300	9.72
310	10.07
320	10.3
330	10.63
340	10.94
350	11.29
360	11.61
370	11.96
380	12.27
390	12.49
400	12.82
410	13.26
420	13.9
430	14.1
440	14.51
450	14.72
460	14.96
470	15.24
480	15.53
490	15.8
500	15.86
510	16.11
520	16.26
530	16.61
540	16.93
550	17.28
560	17.53
570	17.86
580	18.12
590	18.39
600	18.76
610	18.9
620	19.23
630	19.59
640	19.72
650	19.85
660	19.91
670	20.27
680	20.52
690	20.79
700	21.06
710	21.29
720	21.55
730	21.88
740	22.32
750	22.48
760	22.75
770	23.36
780	23.57
790	23.83
800	24.08
810	24.23
820	24.35
830	24.76
840	25.09
850	25.34
860	25.59
870	25.61
880	25.73
890	25.93
900	26.21
910	26.79
920	27.14
930	27.42
940	27.36
950	27.64
960	27.86
970	27.97
980	28.04
990	28.31
1000	28.73
1010	28.86
1020	29.0
1030	29.23
1040	29.27
1050	29.57
1060	29.76
1070	30.07
1080	30.34
1090	30.3
1100	30.62
1110	30.76
1120	31.04
1130	31.2
1140	31.32
1150	31.53
1160	31.99
1170	32.24
1180	32.47
1190	32.7
1200	33.02
1210	33.08
1220	33.44
1230	33.67
1240	33.9
1250	33.93
1260	34.13
1270	34.32
1280	34.56
1290	35.0
1300	35.57
1310	35.62
1320	35.66
1330	35.84
1340	36.1
1350	36.48
1360	36.78
1370	37.16
1380	37.38
1390	37.83
1400	38.14
1410	38.27
1420	38.46
1430	38.67
1440	39.02
1450	39.13
1460	39.25
1470	39.46
1480	39.67
1490	40.0
1500	40.28
1510	40.6
1520	40.69
1530	40.83
1540	41.03
1550	41.17
1560	41.7
1570	41.8
1580	42.0
1590	42.44
1600	42.75
1610	43.11
1620	43.36
1630	43.6
1640	43.78
1650	43.94
1660	44.33
1670	44.61
1680	44.75
1690	45.07
1700	45.4
1710	45.58
1720	45.68
1730	46.05
1740	46.16
1750	46.41
1760	46.46
1770	46.59
1780	46.98
1790	47.04
1800	47.23
1810	47.42
1820	47.58
1830	47.73
1840	47.82
1850	48.1
1860	48.24
1870	48.3
1880	48.49
1890	48.67
1900	48.76
1910	48.91
1920	49.14
1930	49.26
1940	49.44
1950	49.5
1960	49.54
1970	49.58
1980	49.77
1990	50.02
2000	50.25
2010	50.39
2020	50.52
2030	50.86
2040	51.01
2050	51.21
2060	51.35
2070	51.44
2080	51.55
2090	51.63
2100	51.79
2110	51.99
2120	52.25
2130	52.64
2140	52.84
2150	53.07
2160	53.19
2170	53.53
2180	53.69
2190	53.7
2200	53.82
2210	53.97
2220	54.1
2230	54.19
2240	54.47
2250	54.6
2260	54.66
2270	54.83
2280	55.13
2290	55.36
2300	55.51
2310	55.56
2320	55.69
2330	55.81
2340	55.89
2350	55.98
2360	56.25
2370	56.41
2380	56.62
2390	56.79
2400	56.92
2410	56.99
2420	57.15
2430	57.3
2440	57.38
2450	57.48
2460	57.76
2470	57.84
2480	57.98
2490	58.28
2500	58.46
2510	58.65
2520	58.74
2530	59.03
2540	59.34
2550	59.48
2560	59.52
2570	59.69
2580	59.71
2590	59.93
2600	60.12
2610	60.25
2620	60.49
2630	60.83
2640	60.88
2650	61.22
2660	61.45
2670	61.67
2680	61.6
2690	61.9
2700	62.19
2710	62.48
2720	62.55
2730	62.63
2740	62.73
2750	62.81
2760	63.01
2770	63.1
2780	63.18
2790	63.31
2800	63.39
2810	63.43
2820	63.4
2830	63.51
2840	63.77
2850	64.02
2860	64.2
2870	64.42
2880	64.62
2890	64.74
2900	64.74
2910	64.81
2920	65.04
2930	65.19
2940	65.31
2950	65.45
2960	65.56
2970	65.82
2980	65.85
2990	66.22
3000	66.33
3010	66.61
3020	66.85
3030	67.06
3040	67.13
3050	67.35
3060	67.47
3070	67.56
3080	67.65
3090	67.83
3100	68.0
3110	68.04
3120	68.03
3130	68.28
3140	68.38
3150	68.34
3160	68.63
3170	68.73
3180	68.7
3190	68.83
3200	68.92
3210	69.13
3220	69.24
3230	69.25
3240	69.53
3250	69.77
3260	70.01
3270	70.13
3280	70.42
3290	70.47
3300	70.45
3310	70.52
3320	70.63
3330	70.78
3340	71.0
3350	71.17
3360	71.36
3370	71.44
3380	71.63
3390	71.89
3400	72.09
3410	72.06
3420	72.14
3430	72.36
3440	72.5
3450	72.7
3460	72.99
3470	73.11
3480	73.23
3490	73.28
3500	73.55
3510	73.58
3520	73.62
3530	73.63
3540	73.78
3550	73.86
3560	73.92
3570	74.11
3580	74.21
3590	74.29
3600	74.4
3610	74.46
3620	74.65
3630	74.76
3640	74.99
3650	75.11
3660	75.31
3670	75.35
3680	75.44
3690	75.53
3700	75.59
3710	75.78
3720	75.81
3730	75.89
3740	75.94
3750	75.89
3760	75.97
3770	76.05
3780	76.41
3790	76.53
3800	76.6
3810	76.61
3820	76.76
3830	76.84
3840	77.0
3850	77.24
3860	77.32
3870	77.35
3880	77.46
3890	77.67
3900	77.82
3910	77.93
3920	77.99
3930	78.11
3940	78.2
3950	78.36
3960	78.46
3970	78.63
3980	78.76
3990	78.99
4000	79.17
4010	79.42
4020	79.58
4030	79.63
4040	79.72
4050	79.81
4060	79.9
4070	80.03
4080	80.2
4090	80.45
4100	80.56
4110	80.68
4120	80.86
4130	80.99
4140	81.01
4150	81.03
4160	81.03
4170	81.3
4180	81.34
4190	81.52
4200	81.71
4210	81.91
4220	81.98
4230	82.14
4240	82.18
4250	82.35
4260	82.55
4270	82.66
4280	82.83
4290	82.95
4300	83.09
4310	83.14
4320	83.19
4330	83.45
4340	83.67
4350	83.95
4360	84.17
4370	84.3
4380	84.31
4390	84.37
4400	84.56
4410	84.78
4420	85.07
4430	85.33
4440	85.56
4450	85.66
4460	85.78
4470	85.83
4480	85.92
4490	86.08
4500	86.24
4510	86.37
4520	86.58
4530	86.68
4540	86.73
4550	86.8
4560	86.78
4570	86.94
4580	87.01
4590	87.11
4600	87.21
4610	87.24
4620	87.27
4630	87.32
4640	87.52
4650	87.8
4660	88.01
4670	88.08
4680	88.22
4690	88.21
4700	88.26
4710	88.4
4720	88.43
4730	88.52
4740	88.54
4750	88.73
4760	88.9
4770	89.04
4780	89.11
4790	89.27
4800	89.23
4810	89.32
4820	89.45
4830	89.68
4840	89.95
4850	90.13
4860	90.32
4870	90.47
4880	90.54
4890	90.57
4900	90.86
4910	90.94
4920	91.15
4930	91.18
4940	91.33
4950	91.42
4960	91.46
4970	91.72
4980	91.69
4990	91.72
5000	91.93
5010	91.85
5020	92.01
5030	92.13
5040	92.34
5050	92.56
5060	92.58
5070	92.72
5080	92.82
5090	92.94
5100	93.03
5110	93.11
5120	93.27
5130	93.37
5140	93.58
5150	93.72
5160	93.79
5170	93.8
5180	94.01
5190	94.1
5200	94.36
5210	94.63
5220	94.61
5230	94.78
5240	94.79
5250	94.86
5260	94.97
5270	95.04
5280	95.21
5290	95.43
5300	95.6
5310	95.64
5320	95.72
5330	95.86
5340	95.94
5350	96.11
5360	96.22
5370	96.36
5380	96.44
5390	96.47
5400	96.56
5410	96.62
5420	96.77
5430	96.81
5440	97.03
5450	97.17
5460	97.29
5470	97.45
5480	97.54
5490	97.64
5500	97.65
5510	97.68
5520	97.73
5530	97.86
5540	98.08
5550	98.26
5560	98.4
5570	98.54
5580	98.58
5590	98.64
5600	98.66
5610	98.74
5620	98.81
5630	98.87
5640	98.92
5650	99.04
5660	99.07
5670	99.18
5680	99.19
5690	99.23
5700	99.5
5710	99.66
5720	99.73
5730	99.71
5740	99.96
5750	100.07
5760	100.28
5770	100.37
5780	100.5
5790	100.55
5800	100.51
5810	100.62
5820	100.78
5830	100.9
5840	101.02
5850	101.21
5860	101.38
5870	101.4
5880	101.52
5890	101.48
5900	101.56
5910	101.64
5920	101.8
5930	101.83
5940	102.02
5950	102.04
5960	102.12
5970	102.21
5980	102.32
5990	102.47
6000	102.64
6010	102.89
6020	103.17
6030	103.36
6040	103.46
6050	103.6
6060	103.72
6070	103.95
6080	104.04
6090	104.08
6100	104.18
6110	104.21
6120	104.28
6130	104.31
6140	104.38
6150	104.45
6160	104.48
6170	104.59
6180	104.68
6190	104.77
6200	104.79
6210	105.04
6220	105.09
6230	105.24
6240	105.25
6250	105.33
6260	105.36
6270	105.48
6280	105.52
6290	105.52
6300	105.67
6310	105.75
6320	105.94
6330	106.07
6340	106.17
6350	106.32
6360	106.43
6370	106.6
6380	106.78
6390	106.89
6400	107.03
6410	107.04
6420	107.18
6430	107.24
6440	107.49
6450	107.7
6460	107.78
6470	107.81
6480	107.75
6490	107.87
6500	108.06
6510	108.22
6520	108.33
6530	108.36
6540	108.52
6550	108.64
6560	108.74
6570	108.84
6580	108.95
6590	109.02
6600	109.1
6610	109.2
6620	109.34
6630	109.4
6640	109.53
6650	109.59
6660	109.58
6670	109.63
6680	109.67
6690	109.8
6700	109.94
6710	109.99
6720	110.18
6730	110.31
6740	110.29
6750	110.38
6760	110.43
6770	110.44
6780	110.53
6790	110.47
6800	110.66
6810	110.8
6820	110.94
6830	111.13
6840	111.32
6850	111.45
6860	111.6
6870	111.65
6880	111.77
6890	111.87
6900	111.98
6910	111.98
6920	112.02
6930	112.06
6940	112.15
6950	112.23
6960	112.38
6970	112.53
6980	112.6
6990	112.7
7000	112.81
7010	112.82
7020	112.95
7030	112.98
7040	113.13
7050	113.29
7060	113.32
7070	113.37
7080	113.48
7090	113.51
7100	113.59
7110	113.54
7120	113.49
7130	113.69
7140	113.77
7150	113.77
7160	113.92
7170	113.96
7180	114.18
7190	114.28
7200	114.36
7210	114.5
7220	114.63
7230	114.6
7240	114.78
7250	114.95
7260	115.11
7270	115.12
7280	115.31
7290	115.5
7300	115.69
7310	115.66
7320	115.71
7330	115.79
7340	115.97
7350	116.09
7360	116.1
7370	116.2
7380	116.37
7390	116.5
7400	116.59
7410	116.82
7420	116.92
7430	117.08
7440	117.23
7450	117.45
7460	117.51
7470	117.64
7480	117.71
7490	117.87
7500	117.95
7510	118.07
7520	118.23
7530	118.38
7540	118.63
7550	118.72
7560	118.92
7570	118.97
7580	119.07
7590	119.25
7600	119.37
7610	119.39
7620	119.51
7630	119.66
7640	119.91
7650	119.95
7660	120.06
7670	120.11
7680	120.23
7690	120.27
7700	120.19
7710	120.3
7720	120.59
7730	120.71
7740	120.75
7750	120.85
7760	121.01
7770	121.13
7780	121.15
7790	121.26
7800	121.2
7810	121.31
7820	121.27
7830	121.44
7840	121.51
7850	121.79
7860	121.94
7870	122.05
7880	122.1
7890	122.2
7900	122.35
7910	122.58
7920	122.78
7930	122.83
7940	122.9
7950	123.01
7960	123.15
7970	123.22
7980	123.41
7990	123.41
8000	123.47
8010	123.51
8020	123.68
8030	123.88
8040	123.99
8050	124.05
8060	124.17
8070	124.29
8080	124.47
8090	124.59
8100	124.62
8110	124.62
8120	124.78
8130	124.84
8140	124.97
8150	125.0
8160	125.08
8170	125.21
8180	125.21
8190	125.27
8200	125.35
8210	125.45
8220	125.54
8230	125.62
8240	125.65
8250	125.64
8260	125.76
8270	125.84
8280	125.93
8290	126.05
8300	126.19
8310	126.25
8320	126.34
8330	126.4
8340	126.49
8350	126.64
8360	126.72
8370	126.95
8380	127.01
8390	127.18
8400	127.32
8410	127.33
8420	127.39
8430	127.38
8440	127.38
8450	127.52
8460	127.58
8470	127.73
8480	127.91
8490	128.01
8500	128.19
8510	128.39
8520	128.49
8530	128.65
8540	128.76
8550	128.91
8560	129.03
8570	128.99
8580	129.07
8590	129.15
8600	129.23
8610	129.32
8620	129.49
8630	129.69
8640	129.86
8650	129.9
8660	130.06
8670	130.23
8680	130.28
8690	130.36
8700	130.38
8710	130.52
8720	130.55
8730	130.55
8740	130.77
8750	130.77
8760	130.87
8770	131.0
8780	131.16
8790	131.33
8800	131.48
8810	131.62
8820	131.8
8830	131.85
8840	131.99
8850	131.95
8860	132.01
8870	132.17
8880	132.26
8890	132.4
8900	132.51
8910	132.6
8920	132.74
8930	132.88
8940	133.03
8950	133.15
8960	133.2
8970	133.26
8980	133.4
8990	133.51
9000	133.57
9010	133.54
9020	133.61
9030	133.66
9040	133.82
9050	133.9
9060	134.05
9070	134.13
9080	134.27
9090	134.32
9100	134.42
9110	134.5
9120	134.6
9130	134.67
9140	134.79
9150	134.98
9160	135.05
9170	135.11
9180	135.14
9190	135.21
9200	135.28
9210	135.29
9220	135.56
9230	135.69
9240	135.72
9250	135.84
9260	135.86
9270	135.93
9280	136.04
9290	136.21
9300	136.39
9310	136.48
9320	136.58
9330	136.69
9340	136.85
9350	136.96
9360	136.95
9370	136.91
9380	137.01
9390	137.12
9400	137.24
9410	137.29
9420	137.37
9430	137.57
9440	137.54
9450	137.63
9460	137.71
9470	137.85
9480	137.82
9490	137.93
9500	138.0
9510	138.01
9520	138.08
9530	138.07
9540	138.32
9550	138.39
9560	138.45
9570	138.57
9580	138.51
9590	138.55
9600	138.66
9610	138.71
9620	138.92
9630	139.03
9640	139.11
9650	139.28
9660	139.25
9670	139.41
9680	139.51
9690	139.57
9700	139.61
9710	139.66
9720	139.7
9730	139.82
9740	140.04
9750	140.1
9760	140.25
9770	140.38
9780	140.5
9790	140.66
9800	140.81
9810	140.86
9820	140.98
9830	141.08
9840	141.13
9850	141.22
9860	141.24
9870	141.43
9880	141.48
9890	141.56
9900	141.61
9910	141.55
9920	141.64
9930	141.74
9940	141.78
9950	141.93
9960	141.94
9970	141.87
9980	141.94
9990	142.02
10000	142.16
10010	142.3
10020	142.39
10030	142.51
10040	142.69
10050	142.75
10060	142.9
10070	143.03
10080	143.13
10090	143.29
10100	143.38
10110	143.47
10120	143.61
10130	143.65
10140	143.75
10150	143.82
10160	143.83
10170	143.85
10180	144.05
10190	144.21
10200	144.35
10210	144.54
10220	144.54
10230	144.64
10240	144.64
10250	144.67
10260	144.65
10270	144.79
10280	144.84
10290	144.83
10300	144.95
10310	145.05
10320	145.1
10330	145.15
10340	145.14
10350	145.19
10360	145.26
10370	145.37
10380	145.53
10390	145.54
10400	145.68
10410	145.86
10420	146.0
10430	146.01
10440	146.09
10450	146.15
10460	146.27
10470	146.48
10480	146.52
10490	146.67
10500	146.72
10510	146.76
10520	146.85
10530	146.92
10540	147.04
10550	147.22
10560	147.39
10570	147.5
10580	147.5
10590	147.61
10600	147.76
10610	147.93
10620	147.99
10630	148.01
10640	148.2
10650	148.3
10660	148.4
10670	148.42
10680	148.57
10690	148.63
10700	148.57
10710	148.73
10720	148.82
10730	148.88
10740	148.93
10750	149.1
10760	149.18
10770	149.32
10780	149.46
10790	149.42
10800	149.5
10810	149.58
10820	149.69
10830	149.79
10840	149.94
10850	149.98
10860	150.13
10870	150.2
10880	150.28
10890	150.3
10900	150.3
10910	150.34
10920	150.44
10930	150.63
10940	150.63
10950	150.81
10960	150.79
10970	150.81
10980	150.9
10990	151.06
11000	151.1
11010	151.18
11020	151.27
11030	151.35
11040	151.45
11050	151.45
11060	151.64
11070	151.54
11080	151.73
11090	151.76
11100	151.78
11110	151.76
11120	151.82
11130	151.78
11140	151.79
11150	151.82
11160	151.97
11170	151.96
11180	151.98
11190	152.04
11200	152.17
11210	152.21
11220	152.25
11230	152.39
11240	152.54
11250	152.65
11260	152.71
11270	152.77
11280	152.78
11290	152.84
11300	152.82
11310	152.87
11320	152.93
11330	152.98
11340	153.07
11350	153.12
11360	153.17
11370	153.3
11380	153.25
11390	153.26
11400	153.36
11410	153.46
11420	153.62
11430	153.75
11440	153.89
11450	153.91
11460	153.98
11470	154.02
11480	154.02
11490	154.17
11500	154.27
11510	154.31
11520	154.33
11530	154.51
11540	154.69
11550	154.76
11560	154.82
11570	154.83
11580	154.92
11590	154.98
11600	155.03
11610	155.08
11620	155.07
11630	155.14
11640	155.29
11650	155.29
11660	155.38
11670	155.43
11680	155.41
11690	155.6
11700	155.59
11710	155.6
11720	155.66
11730	155.67
11740	155.79
11750	155.91
11760	156.02
11770	156.04
11780	156.13
11790	156.2
11800	156.18
11810	156.27
11820	156.27
11830	156.46
11840	156.48
11850	156.61
11860	156.63
11870	156.69
11880	156.77
11890	156.8
11900	156.82
11910	156.96
11920	157.06
11930	157.14
11940	157.28
11950	157.41
11960	157.44
11970	157.49
11980	157.55
11990	157.57
12000	157.6
12010	157.75
12020	157.87
12030	157.99
12040	157.98
12050	158.1
12060	158.2
12070	158.34
12080	158.43
12090	158.52
12100	158.54
12110	158.6
12120	158.72
12130	158.77
12140	158.88
12150	159.04
12160	159.11
12170	159.07
12180	159.18
12190	159.29
12200	159.3
12210	159.44
12220	159.56
12230	159.67
12240	159.78
12250	159.88
12260	159.86
12270	159.93
12280	160.21
12290	160.2
12300	160.28
12310	160.42
12320	160.48
12330	160.5
12340	160.61
12350	160.73
12360	160.73
12370	160.89
12380	161.0
12390	161.01
12400	161.05
12410	161.03
12420	161.14
12430	161.27
12440	161.43
12450	161.35
12460	161.46
12470	161.46
12480	161.62
12490	161.74
12500	161.76
12510	161.81
12520	161.97
12530	162.08
12540	162.32
12550	162.41
12560	162.5
12570	162.66
12580	162.67
12590	162.71
12600	162.86
12610	162.9
12620	162.97
12630	163.1
12640	163.28
12650	163.54
12660	163.64
12670	163.74
12680	163.75
12690	163.95
12700	163.98
12710	164.17
12720	164.3
12730	164.33
12740	164.48
12750	164.55
12760	164.6
12770	164.77
12780	164.81
12790	164.86
12800	164.86
12810	164.85
12820	164.85
12830	164.85
12840	165.01
12850	165.11
12860	165.21
12870	165.37
12880	165.51
12890	165.63
12900	165.79
12910	165.85
12920	165.91
12930	165.98
12940	165.97
12950	165.97
12960	166.1
12970	166.13
12980	166.24
12990	166.38
13000	166.47
13010	166.62
13020	166.73
13030	166.87
13040	166.94
13050	166.98
13060	167.08
13070	167.23
13080	167.27
13090	167.39
13100	167.49
13110	167.54
13120	167.71
13130	167.74
13140	167.85
13150	167.82
13160	167.85
13170	167.85
13180	167.92
13190	167.88
13200	167.94
13210	168.1
13220	168.2
13230	168.21
13240	168.24
13250	168.28
13260	168.35
13270	168.45
13280	168.63
13290	168.73
13300	168.83
13310	169.01
13320	169.07
13330	169.07
13340	169.13
13350	169.26
13360	169.3
13370	169.42
13380	169.41
13390	169.51
13400	169.6
13410	169.64
13420	169.65
13430	169.87
13440	169.89
13450	169.93
13460	169.99
13470	170.03
13480	170.08
13490	170.1
13500	170.08
13510	170.12
13520	170.18
13530	170.47
13540	170.5
13550	170.65
13560	170.69
13570	170.72
13580	170.74
13590	170.84
13600	170.78
13610	170.7
13620	170.76
13630	170.84
13640	170.93
13650	170.88
13660	170.97
13670	171.13
13680	171.28
13690	171.3
13700	171.42
13710	171.57
13720	171.63
13730	171.65
13740	171.73
13750	171.69
13760	171.76
13770	171.89
13780	171.91
13790	172.01
13800	172.04
13810	172.12
13820	172.24
13830	172.32
13840	172.42
13850	172.56
13860	172.58
13870	172.52
13880	172.6
13890	172.67
13900	172.61
13910	172.58
13920	172.68
13930	172.89
13940	173.04
13950	173.16
13960	173.15
13970	173.18
13980	173.17
13990	173.26
14000	173.42
14010	173.52
14020	173.61
14030	173.63
14040	173.81
14050	173.84
14060	173.88
14070	173.97
14080	174.0
14090	174.14
14100	174.3
14110	174.44
14120	174.58
14130	174.71
14140	174.67
14150	174.66
14160	174.75
14170	174.93
14180	175.07
14190	175.21
14200	175.3
14210	175.43
14220	175.58
14230	175.66
14240	175.76
14250	175.83
14260	175.87
14270	175.88
14280	175.96
14290	175.96
14300	175.98
14310	176.1
14320	176.14
14330	176.37
14340	176.42
14350	176.44
14360	176.54
14370	176.67
14380	176.8
14390	176.86
14400	176.94
14410	176.99
14420	177.09
14430	177.18
14440	177.22
14450	177.28
14460	177.31
14470	177.47
14480	177.64
14490	177.76
14500	177.89
14510	177.87
14520	178.08
14530	178.19
14540	178.3
14550	178.53
14560	178.47
14570	178.46
14580	178.64
14590	178.7
14600	178.71
14610	178.78
14620	178.92
14630	179.04
14640	179.16
14650	179.17
14660	179.26
14670	179.41
14680	179.55
14690	179.56
14700	179.62
14710	179.74
14720	179.75
14730	180.05
14740	180.1
14750	180.21
14760	180.18
14770	180.28
14780	180.33
14790	180.47
14800	180.63
14810	180.72
14820	180.75
14830	180.92
14840	181.06
14850	181.1
14860	181.25
14870	181.33
14880	181.42
14890	181.43
14900	181.57
14910	181.63
14920	181.8
14930	181.87
14940	181.84
14950	181.9
14960	181.96
14970	182.1
14980	182.29
14990	182.4
15000	182.43
15010	182.45
15020	182.46
15030	182.65
15040	182.75
15050	182.86
15060	183.04
15070	183.11
15080	183.22
15090	183.33
15100	183.43
15110	183.45
15120	183.44
15130	183.53
15140	183.58
15150	183.73
15160	183.83
15170	183.98
15180	184.09
15190	184.18
15200	184.26
15210	184.28
15220	184.5
15230	184.47
15240	184.66
15250	184.73
15260	184.75
15270	184.75
15280	184.85
15290	184.95
15300	184.99
15310	185.23
15320	185.34
15330	185.41
15340	185.48
15350	185.45
15360	185.51
15370	185.68
15380	185.79
15390	185.93
15400	186.01
15410	186.04
15420	186.11
15430	186.25
15440	186.29
15450	186.38
15460	186.49
15470	186.68
15480	186.77
15490	186.85
15500	186.85
15510	186.9
15520	187.02
15530	187.01
15540	186.98
15550	187.16
15560	187.16
15570	187.19
15580	187.31
15590	187.27
15600	187.39
15610	187.39
15620	187.43
15630	187.61
15640	187.64
15650	187.65
15660	187.68
15670	187.68
15680	187.79
15690	187.86
15700	187.89
15710	188.02
15720	188.16
15730	188.22
15740	188.32
15750	188.43
15760	188.55
15770	188.59
15780	188.62
15790	188.64
15800	188.7
15810	188.76
15820	188.87
15830	188.91
15840	188.99
15850	189.04
15860	189.04
15870	189.2
15880	189.35
15890	189.43
15900	189.54
15910	189.55
15920	189.6
15930	189.71
15940	189.89
15950	190.05
15960	190.17
15970	190.27
15980	190.27
15990	190.29
16000	190.28
16010	190.41
16020	190.52
16030	190.47
16040	190.59
16050	190.75
16060	190.81
16070	190.88
16080	190.96
16090	191.11
16100	191.08
16110	191.17
16120	191.24
16130	191.33
16140	191.43
16150	191.56
16160	191.61
16170	191.7
16180	191.8
16190	191.86
16200	191.85
16210	191.96
16220	192.09
16230	192.2
16240	192.42
16250	192.57
16260	192.6
16270	192.59
16280	192.65
16290	192.73
16300	192.91
16310	193.04
16320	192.95
16330	193.15
16340	193.26
16350	193.43
16360	193.57
16370	193.63
16380	193.72
16390	193.77
16400	193.84
16410	193.98
16420	194.04
16430	194.08
16440	194.32
16450	194.38
16460	194.42
16470	194.61
16480	194.68
16490	194.7
16500	194.77
16510	194.92
16520	194.98
16530	195.0
16540	195.03
16550	195.15
16560	195.24
16570	195.43
16580	195.54
16590	195.56
16600	195.62
16610	195.61
16620	195.66
16630	195.8
16640	195.94
16650	195.95
16660	195.96
16670	195.99
16680	195.94
16690	195.99
16700	196.03
16710	196.13
16720	196.15
16730	196.27
16740	196.37
16750	196.48
16760	196.62
16770	196.62
16780	196.71
16790	196.73
16800	196.7
16810	196.76
16820	196.97
16830	197.12
16840	197.11
16850	197.07
16860	197.18
16870	197.36
16880	197.5
16890	197.54
16900	197.62
16910	197.74
16920	197.85
16930	197.89
16940	197.94
16950	198.09
16960	198.24
16970	198.36
16980	198.49
16990	198.5
17000	198.53
17010	198.65
17020	198.7
17030	198.76
17040	198.92
17050	198.98
17060	199.05
17070	199.14
17080	199.19
17090	199.42
17100	199.43
17110	199.39
17120	199.5
17130	199.58
17140	199.63
17150	199.68
17160	199.77
17170	199.87
17180	199.86
17190	199.88
17200	200.01
17210	200.18
17220	200.36
17230	200.41
17240	200.45
17250	200.41
17260	200.57
17270	200.55
17280	200.68
17290	200.68
17300	200.72
17310	200.8
17320	200.9
17330	200.92
17340	201.02
17350	200.98
17360	200.96
17370	201.03
17380	201.1
17390	201.28
17400	201.37
17410	201.61
17420	201.71
17430	201.76
17440	201.97
17450	202.06
17460	202.05
17470	202.15
17480	202.28
17490	202.41
17500	202.56
17510	202.62
17520	202.74
17530	202.81
17540	202.92
17550	202.91
17560	203.09
17570	203.14
17580	203.27
17590	203.35
17600	203.49
17610	203.68
17620	203.83
17630	203.92
17640	203.99
17650	204.07
17660	204.16
17670	204.1
17680	204.2
17690	204.34
17700	204.49
17710	204.61
17720	204.79
17730	204.9
17740	204.95
17750	205.02
17760	205.08
17770	205.32
17780	205.41
17790	205.4
17800	205.51
17810	205.57
17820	205.63
17830	205.85
17840	206.04
17850	206.22
17860	206.36
17870	206.55
17880	206.61
17890	206.69
17900	206.78
17910	206.87
17920	207.05
17930	207.16
17940	207.19
17950	207.11
17960	207.18
17970	207.2
17980	207.32
17990	207.39
18000	207.44
18010	207.49
18020	207.49
18030	207.6
18040	207.73
18050	207.8
18060	207.85
18070	207.92
18080	207.97
18090	207.98
18100	208.09
18110	208.07
18120	208.17
18130	208.24
18140	208.34
18150	208.37
18160	208.46
18170	208.54
18180	208.63
18190	208.74
18200	208.77
18210	208.85
18220	208.8
18230	208.9
18240	208.97
18250	209.1
18260	209.14
18270	209.28
18280	209.39
18290	209.32
18300	209.35
18310	209.36
18320	209.6
18330	209.77
18340	209.91
18350	210.01
18360	210.13
18370	210.12
18380	210.29
18390	210.49
18400	210.51
18410	210.51
18420	210.6
18430	210.57
18440	210.66
18450	210.82
18460	210.94
18470	210.91
18480	211.09
18490	211.03
18500	211.05
18510	211.03
18520	211.06
18530	211.23
18540	211.23
18550	211.24
18560	211.35
18570	211.45
18580	211.49
18590	211.57
18600	211.61
18610	211.64
18620	211.76
18630	211.9
18640	212.0
18650	212.08
18660	212.19
18670	212.19
18680	212.23
18690	212.41
18700	212.5
18710	212.66
18720	212.72
18730	212.72
18740	212.77
18750	212.94
18760	213.02
18770	213.1
18780	213.11
18790	213.31
18800	213.29
18810	213.38
18820	213.47
18830	213.47
18840	213.62
18850	213.63
18860	213.73
18870	213.7
18880	213.83
18890	213.9
18900	213.95
18910	214.09
18920	214.24
18930	214.37
18940	214.45
18950	214.56
18960	214.62
18970	214.79
18980	214.86
18990	214.95
19000	214.97
19010	215.08
19020	215.01
19030	215.08
19040	215.1
19050	215.2
19060	215.32
19070	215.5
19080	215.57
19090	215.65
19100	215.77
19110	215.8
19120	215.79
19130	215.9
19140	216.02
19150	216.1
19160	216.15
19170	216.21
19180	216.26
19190	216.37
19200	216.39
19210	216.44
19220	216.51
19230	216.52
19240	216.58
19250	216.76
19260	216.93
19270	217.09
19280	217.14
19290	217.22
19300	217.28
19310	217.33
19320	217.38
19330	217.53
19340	217.6
19350	217.55
19360	217.56
19370	217.64
19380	217.7
19390	217.82
19400	217.98
19410	218.12
19420	218.2
19430	218.37
19440	218.44
19450	218.49
19460	218.56
19470	218.65
19480	218.82
19490	218.85
19500	218.91
19510	219.04
19520	219.13
19530	219.33
19540	219.39
19550	219.48
19560	219.56
19570	219.58
19580	219.55
19590	219.67
19600	219.77
19610	219.81
19620	219.9
19630	220.01
19640	220.09
19650	220.17
19660	220.42
19670	220.5
19680	220.71
19690	220.77
19700	221.03
19710	221.16
19720	221.18
19730	221.27
19740	221.34
19750	221.5
19760	221.64
19770	221.73
19780	221.86
19790	221.94
19800	222.07
19810	222.12
19820	222.23
19830	222.42
19840	222.31
19850	222.44
19860	222.49
19870	222.5
19880	222.66
19890	222.84
19900	222.85
19910	223.07
19920	223.17
19930	223.27
19940	223.34
19950	223.44
19960	223.39
19970	223.43
19980	223.66
19990	223.75
20000	223.81
20010	224.0
20020	224.15
20030	224.31
20040	224.29
20050	224.37
20060	224.49
20070	224.62
20080	224.62
20090	224.71
20100	224.78
20110	224.81
20120	224.89
20130	224.99
20140	225.1
20150	225.24
20160	225.34
20170	225.34
20180	225.41
20190	225.45
20200	225.56
20210	225.65
20220	225.8
20230	225.89
20240	225.93
20250	225.96
20260	226.11
20270	226.12
20280	226.19
20290	226.16
20300	226.22
20310	226.38
20320	226.4
20330	226.42
20340	226.43
20350	226.6
20360	226.67
20370	226.66
20380	226.62
20390	226.73
20400	226.79
20410	226.77
20420	226.95
20430	227.06
20440	227.17
20450	227.22
20460	227.35
20470	227.43
20480	227.53
20490	227.72
20500	227.79
20510	227.76
20520	227.82
20530	227.82
20540	227.78
20550	227.96
20560	228.08
20570	228.28
20580	228.29
20590	228.24
20600	228.39
20610	228.48
20620	228.59
20630	228.72
20640	228.76
20650	228.86
20660	228.94
20670	228.97
20680	229.04
20690	229.0
20700	229.02
20710	229.05
20720	229.14
20730	229.21
20740	229.28
20750	229.35
20760	229.43
20770	229.56
20780	229.62
20790	229.62
20800	229.68
20810	229.87
20820	230.01
20830	229.96
20840	230.06
20850	230.12
20860	230.29
20870	230.28
20880	230.43
20890	230.46
20900	230.47
20910	230.53
20920	230.53
20930	230.6
20940	230.6
20950	230.72
20960	230.71
20970	230.8
20980	230.82
20990	230.83
21000	230.72
21010	230.84
21020	230.94
21030	231.14
21040	231.16
21050	231.36
21060	231.42
21070	231.43
21080	231.55
21090	231.62
21100	231.58
21110	231.8
21120	231.81
21130	231.99
21140	232.02
21150	232.1
21160	232.13
21170	232.13
21180	232.21
21190	232.35
21200	232.51
21210	232.5
21220	232.7
21230	232.77
21240	232.94
21250	233.01
21260	233.1
21270	233.23
21280	233.38
21290	233.46
21300	233.57
21310	233.78
21320	233.81
21330	233.83
21340	233.94
21350	234.08
21360	234.11
21370	234.11
21380	234.07
21390	234.13
21400	234.21
21410	234.32
21420	234.24
21430	234.42
21440	234.54
21450	234.49
21460	234.54
21470	234.7
21480	234.77
21490	234.79
21500	234.92
21510	235.03
21520	235.18
21530	235.28
21540	235.44
21550	235.58
21560	235.66
21570	235.72
21580	235.83
21590	236.05
21600	236.1
21610	236.08
21620	236.17
21630	236.31
21640	236.41
21650	236.48
21660	236.64
21670	236.64
21680	236.85
21690	236.76
21700	236.86
21710	237.02
21720	236.95
21730	237.06
21740	237.1
21750	237.33
21760	237.34
21770	237.42
21780	237.4
21790	237.41
21800	237.5
21810	237.6
21820	237.55
21830	237.7
21840	237.72
21850	237.86
21860	237.97
21870	238.0
21880	238.06
21890	238.08
21900	238.17
21910	238.19
21920	238.18
21930	238.21
21940	238.21
21950	238.25
21960	238.22
21970	238.3
21980	238.5
21990	238.75
22000	238.84
22010	238.86
22020	238.99
22030	239.13
22040	239.19
22050	239.28
22060	239.3
22070	239.39
22080	239.49
22090	239.66
22100	239.64
22110	239.81
22120	239.92
22130	239.98
22140	240.05
22150	240.1
22160	240.21
22170	240.26
22180	240.42
22190	240.56
22200	240.59
22210	240.71
22220	240.84
22230	240.88
22240	240.89
22250	240.93
22260	240.9
22270	241.04
22280	241.2
22290	241.35
22300	241.41
22310	241.5
22320	241.61
22330	241.66
22340	241.72
22350	241.7
22360	241.85
22370	241.88
22380	241.93
22390	241.98
22400	242.03
22410	242.14
22420	242.12
22430	242.26
22440	242.4
22450	242.36
22460	242.29
22470	242.33
22480	242.45
22490	242.5
22500	242.64
22510	242.65
22520	242.68
22530	242.71
22540	242.82
22550	242.9
22560	242.98
22570	243.04
22580	242.94
22590	242.95
22600	243.08
22610	243.15
22620	243.27
22630	243.41
22640	243.52
22650	243.62
22660	243.71
22670	243.79
22680	243.86
22690	243.94
22700	243.92
22710	243.95
22720	243.96
22730	244.06
22740	244.22
22750	244.28
22760	244.3
22770	244.35
22780	244.5
22790	244.49
22800	244.48
22810	244.53
22820	244.64
22830	244.76
22840	244.85
22850	244.9
22860	245.02
22870	245.15
22880	245.34
22890	245.36
22900	245.51
22910	245.71
22920	245.78
22930	245.77
22940	245.77
22950	245.81
22960	245.96
22970	246.0
22980	246.12
22990	246.22
23000	246.27
23010	246.43
23020	246.52
23030	246.59
23040	246.67
23050	246.79
23060	246.94
23070	247.05
23080	246.96
23090	247.01
23100	247.18
23110	247.25
23120	247.3
23130	247.37
23140	247.4
23150	247.62
23160	247.75
23170	247.82
23180	247.98
23190	248.01
23200	248.05
23210	248.22
23220	248.27
23230	248.39
23240	248.5
23250	248.72
23260	248.78
23270	248.79
23280	248.87
23290	248.97
23300	249.0
23310	249.12
23320	249.24
23330	249.32
23340	249.27
23350	249.3
23360	249.36
23370	249.49
23380	249.61
23390	249.7
23400	249.77
23410	249.82
23420	249.86
23430	249.96
23440	250.02
23450	250.04
23460	250.15
23470	250.26
23480	250.34
23490	250.45
23500	250.55
23510	250.58
23520	250.69
23530	250.78
23540	250.86
23550	250.89
23560	250.92
23570	251.05
23580	251.21
23590	251.28
23600	251.42
23610	251.56
23620	251.58
23630	251.69
23640	251.69
23650	251.77
23660	251.89
23670	251.9
23680	251.97
23690	251.99
23700	252.05
23710	252.29
23720	252.33
23730	252.38
23740	252.47
23750	252.66
23760	252.68
23770	252.77
23780	252.8
23790	252.74
23800	252.76
23810	252.82
23820	252.93
23830	252.9
23840	252.96
23850	253.11
23860	253.04
23870	253.07
23880	253.11
23890	253.04
23900	253.1
23910	253.27
23920	253.37
23930	253.46
23940	253.55
23950	253.64
23960	253.77
23970	253.9
23980	254.01
23990	253.98
24000	254.11
24010	254.11
24020	254.17
24030	254.1
24040	254.11
24050	254.2
24060	254.23
24070	254.35
24080	254.5
24090	254.65
24100	254.74
24110	254.83
24120	254.8
24130	254.9
24140	255.04
24150	255.06
24160	255.24
24170	255.35
24180	255.48
24190	255.56
24200	255.48
24210	255.51
24220	255.65
24230	255.66
24240	255.72
24250	255.74
24260	255.82
24270	255.92
24280	256.04
24290	256.12
24300	256.14
24310	256.3
24320	256.24
24330	256.44
24340	256.5
24350	256.56
24360	256.62
24370	256.72
24380	256.84
24390	257.03
24400	257.17
24410	257.15
24420	257.16
24430	257.16
24440	257.18
24450	257.2
24460	257.32
24470	257.42
24480	257.33
24490	257.44
24500	257.64
24510	257.63
24520	257.68
24530	257.66
24540	257.62
24550	257.71
24560	257.71
24570	257.98
24580	257.98
24590	258.12
24600	258.23
24610	258.28
24620	258.39
24630	258.51
24640	258.74
24650	258.87
24660	258.99
24670	259.08
24680	259.22
24690	259.31
24700	259.34
24710	259.45
24720	259.58
24730	259.59
24740	259.8
24750	259.8
24760	259.84
24770	259.91
24780	259.92
24790	259.98
24800	260.04
24810	260.19
24820	260.15
24830	260.36
24840	260.48
24850	260.63
24860	260.73
24870	260.83
24880	260.86
24890	260.87
24900	260.88
24910	261.09
24920	261.18
24930	261.23
24940	261.35
24950	261.43
24960	261.46
24970	261.6
24980	261.59
24990	261.7
25000	261.74
25010	261.87
25020	261.93
25030	262.0
25040	262.07
25050	262.11
25060	262.24
25070	262.32
25080	262.43
25090	262.48
25100	262.51
25110	262.65
25120	262.74
25130	262.8
25140	262.84
25150	262.94
25160	263.01
25170	263.07
25180	263.22
25190	263.27
25200	263.26
25210	263.3
25220	263.38
25230	263.43
25240	263.42
25250	263.49
25260	263.63
25270	263.81
25280	263.74
25290	263.91
25300	263.96
25310	263.94
25320	264.03
25330	264.17
25340	264.29
25350	264.39
25360	264.51
25370	264.66
25380	264.68
25390	264.7
25400	264.79
25410	264.81
25420	264.83
25430	264.96
25440	265.03
25450	265.08
25460	265.2
25470	265.23
25480	265.3
25490	265.43
25500	265.48
25510	265.53
25520	265.71
25530	265.79
25540	265.88
25550	266.02
25560	266.02
25570	266.03
25580	266.01
25590	266.16
25600	266.14
25610	266.22
25620	266.27
25630	266.28
25640	266.42
25650	266.44
25660	266.52
25670	266.52
25680	266.61
25690	266.61
25700	266.72
25710	266.81
25720	266.93
25730	267.0
25740	267.2
25750	267.21
25760	267.33
25770	267.48
25780	267.53
25790	267.68
25800	267.81
25810	267.87
25820	267.99
25830	268.15
25840	268.23
25850	268.33
25860	268.4
25870	268.52
25880	268.54
25890	268.6
25900	268.52
25910	268.63
25920	268.69
25930	268.69
25940	268.77
25950	268.86
25960	268.83
25970	268.91
25980	268.87
25990	269.03
26000	269.12
26010	269.16
26020	269.17
26030	269.27
26040	269.43
26050	269.46
26060	269.61
26070	269.73
26080	269.79
26090	269.79
26100	269.82
26110	269.89
26120	269.88
26130	269.92
26140	270.02
26150	270.18
26160	270.18
26170	270.23
26180	270.35
26190	270.36
26200	270.4
26210	270.43
26220	270.48
26230	270.61
26240	270.68
26250	270.73
26260	270.87
26270	271.0
26280	271.03
26290	271.23
26300	271.3
26310	271.37
26320	271.42
26330	271.5
26340	271.6
26350	271.69
26360	271.63
26370	271.76
26380	271.93
26390	272.02
26400	272.16
26410	272.17
26420	272.18
26430	272.36
26440	272.57
26450	272.6
26460	272.65
26470	272.81
26480	272.85
26490	273.04
26500	273.03
26510	273.05
26520	273.17
26530	273.2
26540	273.18
26550	273.21
26560	273.23
26570	273.22
26580	273.25
26590	273.24
26600	273.25
26610	273.33
26620	273.37
26630	273.47
26640	273.51
26650	273.6
26660	273.63
26670	273.7
26680	273.82
26690	273.85
26700	274.05
26710	274.08
26720	274.15
26730	274.17
26740	274.35
26750	274.41
26760	274.62
26770	274.74
26780	274.8
26790	274.87
26800	274.95
26810	275.03
26820	275.04
26830	275.24
26840	275.25
26850	275.34
26860	275.51
26870	275.61
26880	275.63
26890	275.69
26900	275.69
26910	275.82
26920	275.91
26930	275.97
26940	276.04
26950	276.09
26960	276.25
26970	276.34
26980	276.44
26990	276.58
27000	276.67
27010	276.67
27020	276.7
27030	276.78
27040	276.81
27050	276.95
27060	277.07
27070	277.19
27080	277.25
27090	277.43
27100	277.52
27110	277.57
27120	277.82
27130	277.84
27140	278.08
27150	278.09
27160	278.15
27170	278.37
27180	278.45
27190	278.46
27200	278.58
27210	278.61
27220	278.68
27230	278.73
27240	278.82
27250	278.98
27260	279.07
27270	278.99
27280	279.03
27290	279.05
27300	279.08
27310	279.13
27320	279.34
27330	279.38
27340	279.53
27350	279.63
27360	279.72
27370	279.75
27380	279.82
27390	279.8
27400	279.91
27410	279.96
27420	280.06
27430	280.23
27440	280.33
27450	280.48
27460	280.57
27470	280.57
27480	280.64
27490	280.63
27500	280.63
27510	280.69
27520	280.85
27530	280.96
27540	281.09
27550	281.23
27560	281.26
27570	281.35
27580	281.37
27590	281.39
27600	281.54
27610	281.65
27620	281.74
27630	281.86
27640	281.91
27650	281.95
27660	281.97
27670	282.0
27680	282.07
27690	282.08
27700	282.13
27710	282.24
27720	282.26
27730	282.33
27740	282.34
27750	282.4
27760	282.38
27770	282.45
27780	282.47
27790	282.59
27800	282.68
27810	282.73
27820	282.81
27830	282.9
27840	282.91
27850	282.93
27860	283.01
27870	283.11
27880	283.17
27890	283.19
27900	283.32
27910	283.44
27920	283.44
27930	283.47
27940	283.54
27950	283.54
27960	283.63
27970	283.68
27980	283.76
27990	283.86
28000	284.0
28010	284.08
28020	284.1
28030	284.3
28040	284.44
28050	284.55
28060	284.64
28070	284.75
28080	284.87
28090	284.93
28100	285.0
28110	284.99
28120	285.14
28130	285.18
28140	285.18
28150	285.23
28160	285.27
28170	285.35
28180	285.47
28190	285.63
28200	285.62
28210	285.74
28220	285.84
28230	285.96
28240	286.05
28250	286.04
28260	286.09
28270	286.14
28280	286.2
28290	286.22
28300	286.19
28310	286.22
28320	286.3
28330	286.21
28340	286.39
28350	286.46
28360	286.57
28370	286.57
28380	286.61
28390	286.62
28400	286.78
28410	286.92
28420	286.91
28430	287.07
28440	287.16
28450	287.26
28460	287.4
28470	287.4
28480	287.47
28490	287.58
28500	287.59
28510	287.66
28520	287.7
28530	287.8
28540	287.83
28550	287.91
28560	287.97
28570	287.96
28580	288.07
28590	288.18
28600	288.24
28610	288.27
28620	288.41
28630	288.49
28640	288.53
28650	288.57
28660	288.69
28670	288.74
28680	288.78
28690	288.74
28700	288.68
28710	288.77
28720	288.87
28730	288.89
28740	288.96
28750	289.14
28760	289.24
28770	289.21
28780	289.25
28790	289.29
28800	289.34
28810	289.41
28820	289.53
28830	289.59
28840	289.68
28850	289.75
28860	289.92
28870	290.06
28880	290.14
28890	290.25
28900	290.24
28910	290.33
28920	290.32
28930	290.35
28940	290.48
28950	290.54
28960	290.58
28970	290.53
28980	290.52
28990	290.6
29000	290.71
29010	290.8
29020	290.88
29030	290.91
29040	290.92
29050	290.94
29060	290.96
29070	291.07
29080	291.25
29090	291.26
29100	291.36
29110	291.5
29120	291.6
29130	291.8
29140	291.84
29150	291.93
29160	291.95
29170	291.95
29180	291.94
29190	292.03
29200	292.11
29210	292.15
29220	292.27
29230	292.36
29240	292.52
29250	292.63
29260	292.79
29270	292.92
29280	292.9
29290	293.05
29300	293.21
29310	293.27
29320	293.38
29330	293.46
29340	293.52
29350	293.59
29360	293.64
29370	293.81
29380	293.95
29390	294.09
29400	294.15
29410	294.25
29420	294.3
29430	294.37
29440	294.46
29450	294.53
29460	294.61
29470	294.72
29480	294.77
29490	294.76
29500	294.91
29510	295.02
29520	295.13
29530	295.08
29540	295.06
29550	295.16
29560	295.21
29570	295.33
29580	295.25
29590	295.35
29600	295.49
29610	295.47
29620	295.58
29630	295.65
29640	295.8
29650	295.81
29660	295.95
29670	296.06
29680	296.22
29690	296.25
29700	296.26
29710	296.33
29720	296.46
29730	296.59
29740	296.62
29750	296.6
29760	296.67
29770	296.87
29780	296.92
29790	296.97
29800	297.11
29810	297.14
29820	297.19
29830	297.34
29840	297.39
29850	297.48
29860	297.5
29870	297.62
29880	297.73
29890	297.7
29900	297.88
29910	297.89
29920	297.89
29930	297.84
29940	298.03
29950	298.08
29960	298.18
29970	298.33
29980	298.46
29990	298.66
30000	298.6
30010	298.64
30020	298.74
30030	298.89
30040	299.03
30050	299.13
30060	299.15
30070	299.2
30080	299.28
30090	299.28
30100	299.4
30110	299.52
30120	299.71
30130	299.76
30140	299.81
30150	299.83
30160	299.87
30170	300.01
30180	300.1
30190	300.11
30200	300.25
30210	300.38
30220	300.47
30230	300.48
30240	300.58
30250	300.61
30260	300.65
30270	300.72
30280	300.83
30290	300.9
30300	300.93
30310	301.04
30320	301.19
30330	301.23
30340	301.33
30350	301.46
30360	301.52
30370	301.55
30380	301.56
30390	301.6
30400	301.72
30410	301.85
30420	301.94
30430	302.01
30440	302.01
30450	301.94
30460	302.04
30470	302.07
30480	302.17
30490	302.39
30500	302.43
30510	302.55
30520	302.61
30530	302.65
30540	302.8
30550	302.93
30560	303.05
30570	303.19
30580	303.28
30590	303.27
30600	303.33
30610	303.38
30620	303.4
30630	303.37
30640	303.48
30650	303.59
30660	303.58
30670	303.62
30680	303.62
30690	303.72
30700	303.67
30710	303.74
30720	303.87
30730	303.97
30740	303.98
30750	304.09
30760	304.22
30770	304.21
30780	304.25
30790	304.27
30800	304.39
30810	304.48
30820	304.34
30830	304.34
30840	304.39
30850	304.53
30860	304.52
30870	304.6
30880	304.7
30890	304.74
30900	304.84
30910	304.93
30920	305.01
30930	305.07
30940	305.12
30950	305.18
30960	305.33
30970	305.48
30980	305.43
30990	305.44
31000	305.47
31010	305.49
31020	305.56
31030	305.64
31040	305.75
31050	305.9
31060	306.03
31070	306.11
31080	306.16
31090	306.23
31100	306.26
31110	306.4
31120	306.43
31130	306.59
31140	306.64
31150	306.81
31160	306.86
31170	306.85
31180	306.88
31190	306.99
31200	307.27
31210	307.41
31220	307.45
31230	307.55
31240	307.61
31250	307.75
31260	307.89
31270	308.06
31280	308.1
31290	308.19
31300	308.36
31310	308.46
31320	308.43
31330	308.48
31340	308.6
31350	308.61
31360	308.67
31370	308.81
31380	308.91
31390	309.01
31400	309.01
31410	309.07
31420	309.23
31430	309.2
31440	309.32
31450	309.42
31460	309.54
31470	309.62
31480	309.62
31490	309.67
31500	309.71
31510	309.73
31520	309.79
31530	309.79
31540	309.92
31550	310.02
31560	310.09
31570	310.29
31580	310.35
31590	310.42
31600	310.59
31610	310.61
31620	310.56
31630	310.65
31640	310.63
31650	310.6
31660	310.64
31670	310.65
31680	310.71
31690	310.84
31700	310.91
31710	310.93
31720	311.04
31730	311.07
31740	311.04
31750	310.94
31760	311.06
31770	311.05
31780	311.1
31790	311.16
31800	311.33
31810	311.36
31820	311.4
31830	311.46
31840	311.59
31850	311.69
31860	311.84
31870	311.88
31880	311.96
31890	312.03
31900	312.11
31910	312.14
31920	312.13
31930	312.24
31940	312.23
31950	312.28
31960	312.21
31970	312.35
31980	312.45
31990	312.51
32000	312.61
32010	312.6
32020	312.65
32030	312.79
32040	312.8
32050	312.92
32060	312.93
32070	313.03
32080	313.05
32090	313.14
32100	313.19
32110	313.19
32120	313.3
32130	313.27
32140	313.3
32150	313.44
32160	313.56
32170	313.5
32180	313.68
32190	313.69
32200	313.85
32210	313.98
32220	314.03
32230	314.07
32240	314.16
32250	314.15
32260	314.17
32270	314.32
32280	314.4
32290	314.57
32300	314.65
32310	314.71
32320	314.67
32330	314.74
32340	314.87
32350	315.02
32360	314.99
32370	315.04
32380	315.02
32390	315.08
32400	315.06
32410	315.13
32420	315.17
32430	315.28
32440	315.33
32450	315.39
32460	315.45
32470	315.53
32480	315.64
32490	315.63
32500	315.69
32510	315.82
32520	315.78
32530	315.81
32540	315.76
32550	315.8
32560	315.88
32570	315.9
32580	316.06
32590	316.05
32600	316.18
32610	316.1
32620	316.08
32630	316.19
32640	316.33
32650	316.4
32660	316.39
32670	316.49
32680	316.58
32690	316.68
32700	316.7
32710	316.71
32720	316.7
32730	316.83
32740	316.94
32750	317.03
32760	317.2
32770	317.23
32780	317.22
32790	317.24
32800	317.25
32810	317.36
32820	317.47
32830	317.52
32840	317.6
32850	317.63
32860	317.75
32870	317.78
32880	317.89
32890	317.91
32900	318.0
32910	318.12
32920	318.13
32930	318.21
32940	318.38
32950	318.46
32960	318.45
32970	318.61
32980	318.76
32990	318.83
33000	318.93
33010	318.92
33020	318.93
33030	318.96
33040	319.04
33050	319.03
33060	319.14
33070	319.26
33080	319.26
33090	319.33
33100	319.36
33110	319.47
33120	319.55
33130	319.56
33140	319.67
33150	319.68
33160	319.74
33170	319.83
33180	319.95
33190	320.05
33200	320.13
33210	320.2
33220	320.19
33230	320.24
33240	320.19
33250	320.23
33260	320.36
33270	320.46
33280	320.48
33290	320.5
33300	320.47
33310	320.46
33320	320.5
33330	320.49
33340	320.55
33350	320.8
33360	320.8
33370	320.84
33380	320.8
33390	320.79
33400	320.86
33410	320.88
33420	320.85
33430	320.88
33440	321.02
33450	321.09
33460	321.28
33470	321.37
33480	321.47
33490	321.55
33500	321.56
33510	321.68
33520	321.76
33530	321.76
33540	321.76
33550	321.82
33560	321.83
33570	321.92
33580	321.97
33590	322.09
33600	322.08
33610	322.13
33620	322.18
33630	322.32
33640	322.26
33650	322.41
33660	322.51
33670	322.66
33680	322.8
33690	322.94
33700	323.02
33710	323.06
33720	323.1
33730	323.27
33740	323.29
33750	323.4
33760	323.46
33770	323.62
33780	323.79
33790	323.85
33800	324.02
33810	324.08
33820	324.17
33830	324.25
33840	324.43
33850	324.44
33860	324.55
33870	324.59
33880	324.7
33890	324.73
33900	324.77
33910	324.88
33920	325.01
33930	325.1
33940	325.18
33950	325.19
33960	325.28
33970	325.31
33980	325.45
33990	325.53
34000	325.59
34010	325.6
34020	325.73
34030	325.89
34040	325.96
34050	325.99
34060	326.07
34070	326.28
34080	326.32
34090	326.42
34100	326.45
34110	326.56
34120	326.54
34130	326.68
34140	326.82
34150	326.91
34160	326.97
34170	327.06
34180	327.11
34190	327.2
34200	327.34
34210	327.42
34220	327.52
34230	327.71
34240	327.77
34250	327.92
34260	328.01
34270	328.15
34280	328.27
34290	328.4
34300	328.43
34310	328.42
34320	328.57
34330	328.58
34340	328.59
34350	328.66
34360	328.83
34370	329.03
34380	329.06
34390	329.09
34400	329.2
34410	329.2
34420	329.32
34430	329.42
34440	329.55
34450	329.63
34460	329.64
34470	329.54
34480	329.55
34490	329.65
34500	329.69
34510	329.79
34520	329.77
34530	329.87
34540	329.82
34550	329.93
34560	330.01
34570	330.1
34580	330.1
34590	330.16
34600	330.2
34610	330.26
34620	330.37
34630	330.39
34640	330.39
34650	330.52
34660	330.67
34670	330.68
34680	330.75
34690	330.85
34700	330.87
34710	330.89
34720	330.94
34730	330.97
34740	330.99
34750	331.04
34760	331.19
34770	331.15
34780	331.32
34790	331.36
34800	331.45
34810	331.54
34820	331.65
34830	331.74
34840	331.81
34850	331.83
34860	331.94
34870	332.01
34880	332.09
34890	332.19
34900	332.25
34910	332.33
34920	332.48
34930	332.56
34940	332.68
34950	332.78
34960	332.9
34970	332.91
34980	332.88
34990	332.92
35000	333.0
35010	333.05
35020	333.14
35030	333.24
35040	333.3
35050	333.41
35060	333.6
35070	333.67
35080	333.74
35090	333.79
35100	333.81
35110	333.88
35120	333.83
35130	333.83
35140	333.89
35150	333.94
35160	333.9
35170	333.98
35180	333.97
35190	334.05
35200	334.1
35210	334.15
35220	334.2
35230	334.34
35240	334.47
35250	334.57
35260	334.61
35270	334.7
35280	334.7
35290	334.86
35300	334.93
35310	335.0
35320	335.15
35330	335.21
35340	335.29
35350	335.37
35360	335.46
35370	335.52
35380	335.53
35390	335.56
35400	335.7
35410	335.81
35420	335.89
35430	335.97
35440	335.97
35450	335.92
35460	335.96
35470	336.13
35480	336.18
35490	336.27
35500	336.33
35510	336.47
35520	336.54
35530	336.56
35540	336.62
35550	336.7
35560	336.67
35570	336.73
35580	336.78
35590	336.83
35600	336.81
35610	336.79
35620	336.94
35630	337.05
35640	337.15
35650	337.25
35660	337.21
35670	337.21
35680	337.33
35690	337.48
35700	337.69
35710	337.77
35720	337.75
35730	337.82
35740	338.0
35750	337.99
35760	337.99
35770	337.97
35780	338.05
35790	338.09
35800	338.09
35810	338.11
35820	338.25
35830	338.24
35840	338.32
35850	338.34
35860	338.38
35870	338.5
35880	338.45
35890	338.52
35900	338.7
35910	338.65
35920	338.67
35930	338.65
35940	338.74
35950	338.82
35960	338.91
35970	339.0
35980	339.07
35990	339.22
36000	339.3
36010	339.46
36020	339.57
36030	339.57
36040	339.67
36050	339.85
36060	339.93
36070	339.93
36080	340.12
36090	340.15
36100	340.3
36110	340.47
36120	340.53
36130	340.6
36140	340.56
36150	340.66
36160	340.7
36170	340.78
36180	340.86
36190	340.91
36200	341.04
36210	341.02
36220	341.01
36230	341.14
36240	341.14
36250	341.09
36260	341.18
36270	341.21
36280	341.19
36290	341.24
36300	341.42
36310	341.45
36320	341.57
36330	341.72
36340	341.87
36350	341.98
36360	342.1
36370	342.22
36380	342.38
36390	342.43
36400	342.45
36410	342.51
36420	342.6
36430	342.71
36440	342.85
36450	342.95
36460	342.97
36470	342.97
36480	343.12
36490	343.13
36500	343.24
36510	343.36
36520	343.41
36530	343.6
36540	343.69
36550	343.69
36560	343.81
36570	343.81
36580	343.9
36590	343.87
36600	343.98
36610	344.01
36620	343.95
36630	343.99
36640	344.1
36650	344.31
36660	344.39
36670	344.48
36680	344.45
36690	344.47
36700	344.58
36710	344.61
36720	344.68
36730	344.81
36740	345.06
36750	345.05
36760	345.21
36770	345.34
36780	345.47
36790	345.59
36800	345.7
36810	345.79
36820	345.79
36830	345.82
36840	345.97
36850	346.08
36860	346.16
36870	346.22
36880	346.2
36890	346.2
36900	346.29
36910	346.4
36920	346.33
36930	346.31
36940	346.45
36950	346.49
36960	346.56
36970	346.62
36980	346.75
36990	346.91
37000	347.06
37010	347.23
37020	347.33
37030	347.47
37040	347.52
37050	347.66
37060	347.76
37070	347.77
37080	347.97
37090	348.07
37100	348.2
37110	348.3
37120	348.33
37130	348.37
37140	348.45
37150	348.52
37160	348.68
37170	348.81
37180	348.96
37190	349.13
37200	349.29
37210	349.34
37220	349.32
37230	349.4
37240	349.57
37250	349.6
37260	349.67
37270	349.77
37280	349.88
37290	349.93
37300	350.0
37310	350.11
37320	350.25
37330	350.21
37340	350.17
37350	350.2
37360	350.18
37370	350.22
37380	350.32
37390	350.32
37400	350.45
37410	350.52
37420	350.57
37430	350.72
37440	350.81
37450	350.83
37460	350.91
37470	350.93
37480	350.95
37490	350.99
37500	350.9
37510	351.09
37520	351.06
37530	351.17
37540	351.43
37550	351.54
37560	351.57
37570	351.57
37580	351.56
37590	351.66
37600	351.74
37610	351.75
37620	351.83
37630	351.99
37640	352.04
37650	352.19
37660	352.28
37670	352.31
37680	352.35
37690	352.52
37700	352.6
37710	352.72
37720	352.67
37730	352.65
37740	352.71
37750	352.71
37760	352.71
37770	352.78
37780	352.78
37790	352.84
37800	352.84
37810	352.81
37820	352.92
37830	352.94
37840	353.1
37850	353.21
37860	353.22
37870	353.26
37880	353.38
37890	353.49
37900	353.52
37910	353.6
37920	353.65
37930	353.77
37940	353.77
37950	353.87
37960	353.93
37970	353.94
37980	353.96
37990	353.98
38000	354.12
38010	354.14
38020	354.29
38030	354.43
38040	354.51
38050	354.63
38060	354.78
38070	354.94
38080	355.09
38090	355.14
38100	355.21
38110	355.23
38120	355.31
38130	355.4
38140	355.43
38150	355.51
38160	355.62
38170	355.71
38180	355.83
38190	355.87
38200	356.0
38210	355.99
38220	356.0
38230	356.04
38240	356.21
38250	356.29
38260	356.31
38270	356.35
38280	356.43
38290	356.48
38300	356.62
38310	356.66
38320	356.8
38330	356.92
38340	356.96
38350	357.01
38360	357.11
38370	357.1
38380	357.23
38390	357.23
38400	357.36
38410	357.4
38420	357.43
38430	357.39
38440	357.47
38450	357.51
38460	357.59
38470	357.67
38480	357.65
38490	357.71
38500	357.73
38510	357.72
38520	357.86
38530	357.99
38540	357.97
38550	358.06
38560	358.05
38570	358.15
38580	358.17
38590	358.21
38600	358.35
38610	358.5
38620	358.53
38630	358.6
38640	358.73
38650	358.9
38660	358.97
38670	359.05
38680	359.08
38690	359.19
38700	359.35
38710	359.44
38720	359.58
38730	359.68
38740	359.77
38750	359.9
38760	360.01
38770	360.12
38780	360.17
38790	360.32
38800	360.49
38810	360.47
38820	360.53
38830	360.56
38840	360.49
38850	360.57
38860	360.66
38870	360.78
38880	360.77
38890	360.94
38900	361.08
38910	361.28
38920	361.41
38930	361.57
38940	361.76
38950	361.78
38960	361.81
38970	361.76
38980	361.84
38990	361.89
39000	361.96
39010	362.01
39020	362.08
39030	362.2
39040	362.25
39050	362.33
39060	362.36
39070	362.4
39080	362.5
39090	362.49
39100	362.56
39110	362.64
39120	362.73
39130	362.75
39140	362.76
39150	362.84
39160	362.93
39170	362.9
39180	362.91
39190	362.98
39200	362.99
39210	362.98
39220	363.14
39230	363.23
39240	363.21
39250	363.19
39260	363.31
39270	363.33
39280	363.45
39290	363.49
39300	363.61
39310	363.71
39320	363.84
39330	363.88
39340	364.02
39350	364.21
39360	364.31
39370	364.41
39380	364.46
39390	364.55
39400	364.66
39410	364.8
39420	364.99
39430	365.03
39440	365.13
39450	365.16
39460	365.26
39470	365.29
39480	365.44
39490	365.57
39500	365.75
39510	365.86
39520	366.01
39530	366.08
39540	366.12
39550	366.21
39560	366.2
39570	366.37
39580	366.41
39590	366.56
39600	366.7
39610	366.74
39620	366.79
39630	366.86
39640	367.02
39650	367.01
39660	366.99
39670	367.04
39680	366.97
39690	367.19
39700	367.23
39710	367.44
39720	367.47
39730	367.47
39740	367.49
39750	367.5
39760	367.59
39770	367.61
39780	367.77
39790	367.82
39800	368.05
39810	368.04
39820	368.19
39830	368.3
39840	368.47
39850	368.43
39860	368.51
39870	368.65
39880	368.67
39890	368.73
39900	368.73
39910	368.85
39920	368.93
39930	369.08
39940	369.17
39950	369.39
39960	369.44
39970	369.49
39980	369.65
39990	369.68
40000	369.67
40010	369.77
40020	369.77
40030	369.89
40040	370.03
40050	370.15
40060	370.32
40070	370.39
40080	370.37
40090	370.39
40100	370.44
40110	370.45
40120	370.45
40130	370.42
40140	370.56
40150	370.62
40160	370.73
40170	370.72
40180	370.78
40190	370.8
40200	370.86
40210	371.08
40220	371.21
40230	371.23
40240	371.31
40250	371.35
40260	371.42
40270	371.46
40280	371.48
40290	371.49
40300	371.55
40310	371.56
40320	371.67
40330	371.62
40340	371.75
40350	371.92
40360	371.82
40370	371.9
40380	372.0
40390	372.05
40400	372.13
40410	372.13
40420	372.24
40430	372.31
40440	372.43
40450	372.62
40460	372.79
40470	372.89
40480	373.02
40490	373.06
40500	373.16
40510	373.24
40520	373.26
40530	373.29
40540	373.33
40550	373.37
40560	373.4
40570	373.46
40580	373.4
40590	373.5
40600	373.55
40610	373.59
40620	373.67
40630	373.71
40640	373.74
40650	373.67
40660	373.69
40670	373.81
40680	373.83
40690	373.91
40700	373.81
40710	373.9
40720	373.96
40730	374.06
40740	374.11
40750	374.16
40760	374.26
40770	374.36
40780	374.48
40790	374.5
40800	374.6
40810	374.69
40820	374.77
40830	374.85
40840	374.82
40850	374.91
40860	374.95
40870	375.08
40880	375.24
40890	375.23
40900	375.3
40910	375.4
40920	375.45
40930	375.5
40940	375.55
40950	375.62
40960	375.62
40970	375.71
40980	375.73
40990	375.8
41000	375.88
41010	375.83
41020	375.96
41030	376.0
41040	376.13
41050	376.24
41060	376.4
41070	376.41
41080	376.52
41090	376.48
41100	376.62
41110	376.73
41120	376.83
41130	376.9
41140	376.95
41150	376.95
41160	377.0
41170	377.13
41180	377.31
41190	377.4
41200	377.45
41210	377.58
41220	377.77
41230	377.8
41240	377.91
41250	378.02
41260	378.07
41270	378.2
41280	378.21
41290	378.38
41300	378.48
41310	378.53
41320	378.6
41330	378.72
41340	378.86
41350	378.92
41360	378.98
41370	379.09
41380	379.26
41390	379.31
41400	379.4
41410	379.61
41420	379.7
41430	379.88
41440	380.02
41450	380.08
41460	380.29
41470	380.33
41480	380.45
41490	380.51
41500	380.54
41510	380.58
41520	380.62
41530	380.74
41540	380.8
41550	380.97
41560	381.04
41570	381.2
41580	381.22
41590	381.26
41600	381.42
41610	381.51
41620	381.64
41630	381.66
41640	381.71
41650	381.79
41660	381.86
41670	382.01
41680	381.96
41690	382.16
41700	382.17
41710	382.19
41720	382.19
41730	382.18
41740	382.28
41750	382.39
41760	382.43
41770	382.46
41780	382.56
41790	382.53
41800	382.6
41810	382.69
41820	382.76
41830	382.88
41840	382.97
41850	382.99
41860	383.04
41870	383.12
41880	383.27
41890	383.37
41900	383.33
41910	383.38
41920	383.49
41930	383.51
41940	383.63
41950	383.68
41960	383.84
41970	383.85
41980	383.92
41990	384.09
42000	384.17
42010	384.22
42020	384.28
42030	384.32
42040	384.41
42050	384.63
42060	384.67
42070	384.72
42080	384.84
42090	384.96
42100	384.98
42110	385.04
42120	385.04
42130	385.2
42140	385.26
42150	385.34
42160	385.36
42170	385.45
42180	385.52
42190	385.63
42200	385.77
42210	385.84
42220	385.78
42230	385.88
42240	385.91
42250	385.95
42260	385.99
42270	386.04
42280	386.14
42290	386.19
42300	386.23
42310	386.38
42320	386.52
42330	386.64
42340	386.72
42350	386.82
42360	387.0
42370	387.04
42380	387.05
42390	387.15
42400	387.19
42410	387.3
42420	387.42
42430	387.46
42440	387.53
42450	387.74
42460	387.81
42470	387.88
42480	387.87
42490	387.87
42500	387.97
42510	388.07
42520	388.19
42530	388.21
42540	388.21
42550	388.08
42560	388.23
42570	388.33
42580	388.36
42590	388.36
42600	388.41
42610	388.43
42620	388.58
42630	388.66
42640	388.69
42650	388.73
42660	388.92
42670	388.95
42680	389.11
42690	389.1
42700	389.22
42710	389.41
42720	389.53
42730	389.69
42740	389.66
42750	389.73
42760	389.81
42770	389.85
42780	389.96
42790	390.06
42800	390.17
42810	390.27
42820	390.44
42830	390.63
42840	390.74
42850	390.75
42860	390.87
42870	390.96
42880	391.08
42890	391.2
42900	391.31
42910	391.35
42920	391.27
42930	391.25
42940	391.25
42950	391.36
42960	391.44
42970	391.52
42980	391.53
42990	391.54
43000	391.55
43010	391.63
43020	391.73
43030	391.78
43040	391.79
43050	391.89
43060	392.01
43070	392.11
43080	392.2
43090	392.24
43100	392.35
43110	392.44
43120	392.51
43130	392.53
43140	392.64
43150	392.76
43160	392.8
43170	392.96
43180	393.05
43190	393.16
43200	393.3
43210	393.31
43220	393.35
43230	393.48
43240	393.56
43250	393.63
43260	393.7
43270	393.81
43280	394.0
43290	394.14
43300	394.19
43310	394.23
43320	394.28
43330	394.24
43340	394.26
43350	394.37
43360	394.48
43370	394.45
43380	394.58
43390	394.66
43400	394.8
43410	394.86
43420	394.89
43430	394.92
43440	395.16
43450	395.27
43460	395.29
43470	395.37
43480	395.39
43490	395.46
43500	395.54
43510	395.62
43520	395.65
43530	395.81
43540	395.93
43550	396.05
43560	395.99
43570	396.13
43580	396.24
43590	396.3
43600	396.35
43610	396.31
43620	396.29
43630	396.39
43640	396.41
43650	396.45
43660	396.55
43670	396.56
43680	396.6
43690	396.69
43700	396.83
43710	396.98
43720	397.13
43730	397.19
43740	397.33
43750	397.45
43760	397.57
43770	397.66
43780	397.66
43790	397.71
43800	397.79
43810	397.83
43820	397.9
43830	397.92
43840	397.89
43850	398.03
43860	398.12
43870	398.19
43880	398.19
43890	398.29
43900	398.46
43910	398.64
43920	398.75
43930	398.91
43940	398.96
43950	399.03
43960	399.17
43970	399.23
43980	399.27
43990	399.36
44000	399.38
44010	399.45
44020	399.4
44030	399.46
44040	399.56
44050	399.55
44060	399.66
44070	399.68
44080	399.79
44090	399.83
44100	399.86
44110	399.86
44120	399.94
44130	399.97
44140	400.22
44150	400.27
44160	400.25
44170	400.31
44180	400.37
44190	400.54
44200	400.5
44210	400.54
44220	400.58
44230	400.72
44240	400.8
44250	400.89
44260	400.92
44270	401.01
44280	401.1
44290	401.2
44300	401.32
44310	401.29
44320	401.44
44330	401.51
44340	401.46
44350	401.54
44360	401.65
44370	401.73
44380	401.96
44390	402.11
44400	402.16
44410	402.36
44420	402.6
44430	402.73
44440	402.75
44450	402.89
44460	402.94
44470	402.99
44480	403.08
44490	403.28
44500	403.3
44510	403.41
44520	403.42
44530	403.46
44540	403.43
44550	403.46
44560	403.53
44570	403.6
44580	403.7
44590	403.82
44600	403.9
44610	404.0
44620	404.08
44630	404.11
44640	404.22
44650	404.27
44660	404.24
44670	404.29
44680	404.34
44690	404.39
44700	404.43
44710	404.61
44720	404.82
44730	404.98
44740	405.0
44750	405.1
44760	405.19
44770	405.32
44780	405.33
44790	405.45
44800	405.5
44810	405.54
44820	405.52
44830	405.56
44840	405.61
44850	405.65
44860	405.7
44870	405.83
44880	405.87
44890	405.95
44900	406.02
44910	406.12
44920	406.13
44930	406.2
44940	406.22
44950	406.33
44960	406.51
44970	406.54
44980	406.6
44990	406.69
45000	406.77
45010	406.74
45020	406.83
45030	407.02
45040	407.1
45050	407.18
45060	407.27
45070	407.32
45080	407.33
45090	407.48
45100	407.49
45110	407.54
45120	407.58
45130	407.65
45140	407.7
45150	407.75
45160	407.9
45170	407.97
45180	408.07
45190	408.3
45200	408.34
45210	408.37
45220	408.46
45230	408.42
45240	408.43
45250	408.54
45260	408.52
45270	408.59
45280	408.59
45290	408.76
45300	408.78
45310	408.82
45320	408.88
45330	408.89
45340	408.94
45350	409.0
45360	409.08
45370	409.19
45380	409.23
45390	409.29
45400	409.43
45410	409.53
45420	409.73
45430	409.84
45440	409.96
45450	410.04
45460	410.13
45470	410.16
45480	410.11
45490	410.11
45500	410.13
45510	410.16
45520	410.25
45530	410.36
45540	410.5
45550	410.49
45560	410.55
45570	410.61
45580	410.6
45590	410.62
45600	410.73
45610	410.78
45620	410.82
45630	410.92
45640	411.04
45650	411.16
45660	411.23
45670	411.32
45680	411.4
45690	411.36
45700	411.45
45710	411.41
45720	411.56
45730	411.6
45740	411.69
45750	411.75
45760	411.76
45770	411.8
45780	411.75
45790	411.9
45800	412.01
45810	412.01
45820	412.02
45830	412.1
45840	412.13
45850	412.16
45860	412.28
45870	412.4
45880	412.6
45890	412.52
45900	412.65
45910	412.78
45920	412.82
45930	412.94
45940	413.03
45950	413.1
45960	413.05
45970	413.1
45980	413.13
45990	413.31
46000	413.39
46010	413.43
46020	413.51
46030	413.55
46040	413.61
46050	413.65
46060	413.77
46070	413.89
46080	413.93
46090	413.89
46100	414.0
46110	414.11
46120	414.06
46130	414.22
46140	414.31
46150	414.44
46160	414.54
46170	414.68
46180	414.91
46190	414.96
46200	415.05
46210	415.08
46220	415.16
46230	415.28
46240	415.34
46250	415.43
46260	415.48
46270	415.59
46280	415.69
46290	415.81
46300	415.9
46310	415.86
46320	415.84
46330	415.87
46340	415.9
46350	415.93
46360	416.11
46370	416.13
46380	416.22
46390	416.21
46400	416.26
46410	416.34
46420	416.46
46430	416.45
46440	416.55
46450	416.62
46460	416.64
46470	416.63
46480	416.68
46490	416.79
46500	416.91
46510	416.95
46520	417.04
46530	417.05
46540	417.06
46550	417.24
46560	417.31
46570	417.31
46580	417.46
46590	417.47
46600	417.54
46610	417.55
46620	417.53
46630	417.61
46640	417.61
46650	417.71
46660	417.85
46670	417.88
46680	417.8
46690	417.86
46700	417.89
46710	417.87
46720	418.0
46730	418.12
46740	418.26
46750	418.32
46760	418.31
46770	418.4
46780	418.45
46790	418.5
46800	418.6
46810	418.69
46820	418.65
46830	418.74
46840	418.74
46850	418.86
46860	418.83
46870	418.91
46880	418.94
46890	419.03
46900	418.98
46910	419.1
46920	419.08
46930	419.3
46940	419.38
46950	419.41
46960	419.55
46970	419.63
46980	419.78
46990	419.85
47000	420.06
47010	420.06
47020	420.07
47030	420.15
47040	420.32
47050	420.38
47060	420.51
47070	420.49
47080	420.59
47090	420.69
47100	420.83
47110	420.9
47120	421.06
47130	421.05
47140	421.13
47150	421.33
47160	421.47
47170	421.6
47180	421.74
47190	421.84
47200	421.89
47210	421.91
47220	421.94
47230	422.04
47240	422.15
47250	422.19
47260	422.27
47270	422.25
47280	422.4
47290	422.49
47300	422.62
47310	422.73
47320	422.66
47330	422.83
47340	422.94
47350	423.01
47360	423.14
47370	423.22
47380	423.31
47390	423.32
47400	423.33
47410	423.29
47420	423.4
47430	423.48
47440	423.56
47450	423.63
47460	423.64
47470	423.83
47480	423.93
47490	423.94
47500	423.97
47510	424.02
47520	424.01
47530	424.03
47540	424.13
47550	424.18
47560	424.17
47570	424.27
47580	424.3
47590	424.36
47600	424.45
47610	424.55
47620	424.62
47630	424.67
47640	424.69
47650	424.8
47660	424.87
47670	425.03
47680	425.14
47690	425.16
47700	425.28
47710	425.31
47720	425.44
47730	425.49
47740	425.57
47750	425.64
47760	425.68
47770	425.66
47780	425.76
47790	425.86
47800	425.95
47810	425.89
47820	426.01
47830	426.07
47840	426.14
47850	426.28
47860	426.27
47870	426.38
47880	426.52
47890	426.55
47900	426.57
47910	426.66
47920	426.76
47930	426.76
47940	426.78
47950	426.85
47960	426.94
47970	427.06
47980	427.16
47990	427.27
48000	427.45
48010	427.46
48020	427.54
48030	427.72
48040	427.85
48050	427.91
48060	427.95
48070	428.07
48080	428.18
48090	428.35
48100	428.43
48110	428.57
48120	428.6
48130	428.69
48140	428.81
48150	428.79
48160	428.77
48170	428.78
48180	428.78
48190	428.72
48200	428.8
48210	428.85
48220	429.02
48230	429.08
48240	429.2
48250	429.31
48260	429.38
48270	429.36
48280	429.29
48290	429.39
48300	429.5
48310	429.63
48320	429.68
48330	429.74
48340	429.91
48350	429.86
48360	429.9
48370	430.03
48380	430.04
48390	430.11
48400	430.16
48410	430.24
48420	430.24
48430	430.3
48440	430.37
48450	430.47
48460	430.62
48470	430.78
48480	430.77
48490	430.89
48500	430.85
48510	430.9
48520	431.03
48530	431.11
48540	431.27
48550	431.41
48560	431.5
48570	431.62
48580	431.74
48590	431.78
48600	431.78
48610	431.81
48620	431.86
48630	431.79
48640	431.88
48650	431.91
48660	432.02
48670	432.05
48680	432.12
48690	432.13
48700	432.15
48710	432.25
48720	432.28
48730	432.42
48740	432.47
48750	432.55
48760	432.57
48770	432.74
48780	432.83
48790	432.85
48800	432.91
48810	433.02
48820	433.03
48830	433.14
48840	433.24
48850	433.33
48860	433.34
48870	433.3
48880	433.38
48890	433.52
48900	433.57
48910	433.59
48920	433.66
48930	433.75
48940	433.85
48950	433.87
48960	433.89
48970	433.97
48980	434.01
48990	434.0
49000	434.09
49010	434.14
49020	434.22
49030	434.36
49040	434.34
49050	434.39
49060	434.5
49070	434.51
49080	434.59
49090	434.7
49100	434.82
49110	434.9
49120	435.06
49130	435.11
49140	435.27
49150	435.23
49160	435.27
49170	435.32
49180	435.38
49190	435.4
49200	435.45
49210	435.58
49220	435.66
49230	435.78
49240	435.91
49250	436.01
49260	436.09
49270	436.15
49280	436.32
49290	436.34
49300	436.45
49310	436.43
49320	436.53
49330	436.62
49340	436.64
49350	436.61
49360	436.51
49370	436.5
49380	436.47
49390	436.64
49400	436.75
49410	436.8
49420	436.84
49430	436.87
49440	436.93
49450	436.95
49460	437.14
49470	437.2
49480	437.41
49490	437.5
49500	437.61
49510	437.72
49520	437.84
49530	437.9
49540	437.98
49550	438.06
49560	438.07
49570	438.08
49580	438.15
49590	438.26
49600	438.34
49610	438.29
49620	438.36
49630	438.41
49640	438.54
49650	438.73
49660	438.8
49670	438.86
49680	438.92
49690	438.86
49700	438.89
49710	438.94
49720	439.11
49730	439.13
49740	439.2
49750	439.27
49760	439.32
49770	439.34
49780	439.35
49790	439.35
49800	439.44
49810	439.58
49820	439.75
49830	439.79
49840	439.87
49850	439.99
49860	440.03
49870	440.08
49880	440.11
49890	440.16
49900	440.21
49910	440.25
49920	440.32
49930	440.38
49940	440.48
49950	440.57
49960	440.65
49970	440.68
49980	440.75
49990	440.92
50000	441.03
50010	441.01
50020	441.19
50030	441.23
50040	441.32
50050	441.38
50060	441.36
50070	441.45
50080	441.63
50090	441.75
50100	441.92
50110	442.03
50120	442.13
50130	442.18
50140	442.26
50150	442.38
50160	442.58
50170	442.65
50180	442.81
50190	442.83
50200	442.87
50210	442.9
50220	443.03
50230	442.99
50240	443.18
50250	443.18
50260	443.2
50270	443.29
50280	443.33
50290	443.41
50300	443.58
50310	443.66
50320	443.7
50330	443.68
50340	443.86
50350	443.83
50360	443.99
50370	443.97
50380	444.11
50390	444.09
50400	444.22
50410	444.27
50420	444.35
50430	444.41
50440	444.44
50450	444.52
50460	444.48
50470	444.51
50480	444.5
50490	444.56
50500	444.64
50510	444.66
50520	444.67
50530	444.78
50540	444.91
50550	444.91
50560	445.04
50570	445.2
50580	445.16
50590	445.23
50600	445.24
50610	445.34
50620	445.35
50630	445.56
50640	445.59
50650	445.75
50660	445.83
50670	445.96
50680	446.02
50690	446.16
50700	446.27
50710	446.37
50720	446.36
50730	446.37
50740	446.37
50750	446.45
50760	446.52
50770	446.51
50780	446.48
50790	446.48
50800	446.56
50810	446.64
50820	446.6
50830	446.7
50840	446.83
50850	446.95
50860	447.02
50870	447.09
50880	447.13
50890	447.29
50900	447.52
50910	447.65
50920	447.74
50930	447.82
50940	447.82
50950	447.85
50960	447.94
50970	447.95
50980	447.97
50990	448.09
51000	448.17
51010	448.21
51020	448.21
51030	448.25
51040	448.38
51050	448.38
51060	448.41
51070	448.46
51080	448.58
51090	448.65
51100	448.75
51110	448.77
51120	448.86
51130	448.88
51140	448.97
51150	448.99
51160	449.0
51170	448.98
51180	448.92
51190	448.92
51200	448.89
51210	448.9
51220	448.98
51230	449.08
51240	449.18
51250	449.32
51260	449.41
51270	449.48
51280	449.5
51290	449.47
51300	449.64
51310	449.7
51320	449.76
51330	449.93
51340	450.04
51350	450.12
51360	450.12
51370	450.18
51380	450.26
51390	450.38
51400	450.54
51410	450.56
51420	450.64
51430	450.73
51440	450.8
51450	450.96
51460	451.02
51470	451.07
51480	451.14
51490	451.32
51500	451.44
51510	451.49
51520	451.53
51530	451.58
51540	451.53
51550	451.63
51560	451.7
51570	451.63
51580	451.74
51590	451.82
51600	451.89
51610	451.96
51620	452.02
51630	451.96
51640	452.0
51650	452.12
51660	452.23
51670	452.33
51680	452.51
51690	452.6
51700	452.67
51710	452.71
51720	452.77
51730	452.78
51740	452.82
51750	452.85
51760	452.93
51770	452.99
51780	453.18
51790	453.22
51800	453.43
51810	453.39
51820	453.45
51830	453.57
51840	453.64
51850	453.71
51860	453.83
51870	454.01
51880	454.13
51890	454.19
51900	454.32
51910	454.34
51920	454.38
51930	454.43
51940	454.38
51950	454.52
51960	454.62
51970	454.69
51980	454.72
51990	454.72
52000	454.75
52010	454.79
52020	454.88
52030	454.95
52040	455.06
52050	455.07
52060	455.05
52070	455.14
52080	455.21
52090	455.34
52100	455.49
52110	455.51
52120	455.61
52130	455.69
52140	455.74
52150	455.74
52160	456.03
52170	456.15
52180	456.21
52190	456.24
52200	456.29
52210	456.37
52220	456.45
52230	456.58
52240	456.61
52250	456.65
52260	456.6
52270	456.54
52280	456.56
52290	456.67
52300	456.7
52310	456.86
52320	456.94
52330	457.01
52340	457.04
52350	457.08
52360	457.07
52370	457.09
52380	457.18
52390	457.26
52400	457.28
52410	457.39
52420	457.54
52430	457.66
52440	457.69
52450	457.86
52460	457.97
52470	458.1
52480	458.12
52490	458.12
52500	458.2
52510	458.22
52520	458.29
52530	458.4
52540	458.52
52550	458.59
52560	458.6
52570	458.6
52580	458.67
52590	458.74
52600	458.89
52610	458.95
52620	458.94
52630	459.09
52640	459.2
52650	459.3
52660	459.39
52670	459.49
52680	459.47
52690	459.55
52700	459.57
52710	459.6
52720	459.65
52730	459.79
52740	459.99
52750	460.09
52760	460.12
52770	460.17
52780	460.27
52790	460.32
52800	460.44
52810	460.49
52820	460.62
52830	460.76
52840	460.78
52850	460.9
52860	461.04
52870	461.09
52880	461.02
52890	461.1
52900	461.26
52910	461.26
52920	461.37
52930	461.39
52940	461.46
52950	461.56
52960	461.66
52970	461.68
52980	461.73
52990	461.81
53000	461.9
53010	461.98
53020	462.06
53030	462.22
53040	462.35
53050	462.39
53060	462.58
53070	462.57
53080	462.58
53090	462.68
53100	462.7
53110	462.79
53120	462.81
53130	462.81
53140	462.85
53150	462.87
53160	462.88
53170	462.9
53180	463.03
53190	463.1
53200	463.1
53210	463.16
53220	463.2
53230	463.45
53240	463.6
53250	463.68
53260	463.92
53270	464.03
53280	464.15
53290	464.19
53300	464.3
53310	464.28
53320	464.28
53330	464.23
53340	464.32
53350	464.38
53360	464.38
53370	464.46
53380	464.55
53390	464.64
53400	464.71
53410	465.0
53420	465.0
53430	465.17
53440	465.23
53450	465.26
53460	465.35
53470	465.43
53480	465.49
53490	465.68
53500	465.71
53510	465.84
53520	465.93
53530	466.01
53540	466.03
53550	466.15
53560	466.29
53570	466.26
53580	466.34
53590	466.39
53600	466.43
53610	466.6
53620	466.68
53630	466.74
53640	466.84
53650	466.9
53660	466.96
53670	466.96
53680	467.01
53690	467.02
53700	466.97
53710	467.17
53720	467.15
53730	467.2
53740	467.2
53750	467.31
53760	467.34
53770	467.36
53780	467.37
53790	467.47
53800	467.54
53810	467.58
53820	467.53
53830	467.68
53840	467.72
53850	467.81
53860	467.91
53870	467.94
53880	468.0
53890	467.97
53900	468.11
53910	468.2
53920	468.24
53930	468.32
53940	468.31
53950	468.41
53960	468.5
53970	468.51
53980	468.47
53990	468.52
54000	468.53
54010	468.71
54020	468.83
54030	468.91
54040	468.98
54050	469.08
54060	469.19
54070	469.24
54080	469.35
54090	469.4
54100	469.41
54110	469.46
54120	469.54
54130	469.68
54140	469.76
54150	469.85
54160	469.98
54170	470.02
54180	470.2
54190	470.32
54200	470.43
54210	470.59
54220	470.72
54230	470.75
54240	470.71
54250	470.83
54260	471.02
54270	471.1
54280	471.2
54290	471.21
54300	471.19
54310	471.27
54320	471.41
54330	471.45
54340	471.46
54350	471.52
54360	471.62
54370	471.66
54380	471.71
54390	471.75
54400	471.88
54410	471.9
54420	471.95
54430	472.02
54440	472.12
54450	472.16
54460	472.22
54470	472.37
54480	472.47
54490	472.61
54500	472.65
54510	472.82
54520	472.81
54530	472.92
54540	473.05
54550	473.12
54560	473.16
54570	473.27
54580	473.29
54590	473.31
54600	473.35
54610	473.53
54620	473.49
54630	473.6
54640	473.73
54650	473.76
54660	473.86
54670	473.98
54680	473.96
54690	474.1
54700	474.12
54710	474.17
54720	474.25
54730	474.23
54740	474.3
54750	474.27
54760	474.31
54770	474.35
54780	474.44
54790	474.59
54800	474.67
54810	474.71
54820	474.71
54830	474.65
54840	474.78
54850	474.83
54860	474.86
54870	474.91
54880	475.06
54890	475.05
54900	475.14
54910	475.15
54920	475.26
54930	475.4
54940	475.55
54950	475.61
54960	475.72
54970	475.83
54980	475.94
54990	476.02
55000	476.05
55010	476.11
55020	476.12
55030	476.27
55040	476.33
55050	476.41
55060	476.34
55070	476.47
55080	476.58
55090	476.69
55100	476.78
55110	476.91
55120	476.98
55130	477.03
55140	477.13
55150	477.2
55160	477.32
55170	477.29
55180	477.41
55190	477.48
55200	477.55
55210	477.63
55220	477.72
55230	477.77
55240	477.82
55250	477.97
55260	478.07
55270	478.17
55280	478.24
55290	478.31
55300	478.38
55310	478.4
55320	478.46
55330	478.5
55340	478.57
55350	478.62
55360	478.74
55370	478.82
55380	478.87
55390	478.88
55400	478.97
55410	479.03
55420	479.09
55430	479.06
55440	479.18
55450	479.26
55460	479.32
55470	479.36
55480	479.36
55490	479.6
55500	479.61
55510	479.71
55520	479.66
55530	479.73
55540	479.89
55550	479.94
55560	480.08
55570	480.17
55580	480.37
55590	480.51
55600	480.55
55610	480.55
55620	480.63
55630	480.77
55640	480.79
55650	480.86
55660	480.91
55670	480.92
55680	481.01
55690	481.12
55700	481.22
55710	481.28
55720	481.28
55730	481.32
55740	481.47
55750	481.54
55760	481.5
55770	481.57
55780	481.67
55790	481.74
55800	481.78
55810	481.86
55820	481.92
55830	482.0
55840	482.04
55850	482.15
55860	482.13
55870	482.21
55880	482.25
55890	482.27
55900	482.18
55910	482.28
55920	482.37
55930	482.59
55940	482.53
55950	482.58
55960	482.59
55970	482.73
55980	482.88
55990	482.87
56000	483.01
56010	483.12
56020	483.17
56030	483.28
56040	483.32
56050	483.34
56060	483.37
56070	483.47
56080	483.59
56090	483.69
56100	483.76
56110	483.85
56120	483.91
56130	483.98
56140	483.92
56150	483.98
56160	484.02
56170	484.1
56180	484.27
56190	484.37
56200	484.45
56210	484.45
56220	484.61
56230	484.64
56240	484.71
56250	484.7
56260	484.76
56270	484.93
56280	484.98
56290	485.05
56300	485.11
56310	485.28
56320	485.39
56330	485.36
56340	485.45
56350	485.5
56360	485.54
56370	485.63
56380	485.74
56390	485.82
56400	486.06
56410	486.06
56420	486.05
56430	486.11
56440	486.29
56450	486.26
56460	486.38
56470	486.39
56480	486.46
56490	486.47
56500	486.52
56510	486.6
56520	486.55
56530	486.63
56540	486.65
56550	486.78
56560	486.87
56570	486.94
56580	487.03
56590	487.07
56600	487.03
56610	487.11
56620	487.18
56630	487.27
56640	487.28
56650	487.47
56660	487.58
56670	487.72
56680	487.73
56690	487.87
56700	487.88
56710	487.85
56720	487.9
56730	487.93
56740	488.04
56750	488.13
56760	488.06
56770	488.26
56780	488.36
56790	488.41
56800	488.49
56810	488.53
56820	488.7
56830	488.8
56840	488.86
56850	488.95
56860	489.05
56870	489.12
56880	489.22
56890	489.34
56900	489.4
56910	489.32
56920	489.33
56930	489.38
56940	489.35
56950	489.46
56960	489.51
56970	489.55
56980	489.5
56990	489.7
57000	489.73
57010	489.67
57020	489.76
57030	489.8
57040	489.84
57050	489.91
57060	490.09
57070	490.19
57080	490.27
57090	490.33
57100	490.32
57110	490.36
57120	490.48
57130	490.55
57140	490.53
57150	490.59
57160	490.59
57170	490.56
57180	490.7
57190	490.6
57200	490.67
57210	490.72
57220	490.83
57230	490.85
57240	490.9
57250	490.97
57260	491.16
57270	491.32
57280	491.35
57290	491.38
57300	491.45
57310	491.56
57320	491.64
57330	491.65
57340	491.73
57350	491.85
57360	491.93
57370	491.95
57380	491.96
57390	492.18
57400	492.24
57410	492.32
57420	492.42
57430	492.45
57440	492.48
57450	492.5
57460	492.5
57470	492.6
57480	492.67
57490	492.72
57500	492.86
57510	492.88
57520	492.84
57530	492.78
57540	492.77
57550	492.75
57560	492.73
57570	492.89
57580	492.99
57590	493.07
57600	493.12
57610	493.13
57620	493.19
57630	493.26
57640	493.32
57650	493.48
57660	493.63
57670	493.76
57680	493.87
57690	493.99
57700	494.0
57710	494.09
57720	494.11
57730	494.27
57740	494.38
57750	494.47
57760	494.51
57770	494.61
57780	494.56
57790	494.54
57800	494.53
57810	494.63
57820	494.7
57830	494.66
57840	494.73
57850	494.89
57860	495.05
57870	495.13
57880	495.3
57890	495.32
57900	495.33
57910	495.39
57920	495.47
57930	495.57
57940	495.53
57950	495.57
57960	495.71
57970	495.78
57980	495.89
57990	495.97
58000	496.04
58010	496.16
58020	496.24
58030	496.4
58040	496.54
58050	496.6
58060	496.59
58070	496.54
58080	496.52
58090	496.58
58100	496.66
58110	496.71
58120	496.81
58130	496.81
58140	496.91
58150	497.04
58160	497.04
58170	497.08
58180	497.16
58190	497.29
58200	497.4
58210	497.45
58220	497.55
58230	497.66
58240	497.71
58250	497.81
58260	497.78
58270	497.93
58280	498.02
58290	498.17
58300	498.26
58310	498.31
58320	498.36
58330	498.41
58340	498.43
58350	498.47
58360	498.49
58370	498.62
58380	498.77
58390	498.78
58400	498.88
58410	498.88
58420	499.0
58430	499.16
58440	499.24
58450	499.39
58460	499.44
58470	499.55
58480	499.64
58490	499.83
58500	499.86
58510	499.9
58520	499.94
58530	499.93
58540	500.01
58550	500.04
58560	500.09
58570	500.15
58580	500.21
58590	500.24
58600	500.37
58610	500.58
58620	500.62
58630	500.67
58640	500.8
58650	500.78
58660	500.72
58670	500.73
58680	500.8
58690	500.85
58700	500.82
58710	500.88
58720	500.94
58730	501.05
58740	501.18
58750	501.18
58760	501.31
58770	501.39
58780	501.41
58790	501.51
58800	501.58
58810	501.72
58820	501.84
58830	501.93
58840	501.96
58850	502.01
58860	502.15
58870	502.2
58880	502.3
58890	502.44
58900	502.48
58910	502.51
58920	502.53
58930	502.62
58940	502.55
58950	502.47
58960	502.58
58970	502.61
58980	502.69
58990	502.71
59000	502.71
59010	502.71
59020	502.74
59030	502.72
59040	502.82
59050	502.81
59060	502.89
59070	502.87
59080	502.88
59090	502.95
59100	503.07
59110	503.14
59120	503.16
59130	503.28
59140	503.39
59150	503.44
59160	503.52
59170	503.66
59180	503.75
59190	503.85
59200	504.03
59210	504.06
59220	504.19
59230	504.17
59240	504.25
59250	504.32
59260	504.4
59270	504.56
59280	504.62
59290	504.7
59300	504.72
59310	504.85
59320	504.9
59330	504.99
59340	505.07
59350	505.07
59360	505.18
59370	505.17
59380	505.23
59390	505.31
59400	505.36
59410	505.44
59420	505.54
59430	505.56
59440	505.72
59450	505.74
59460	505.79
59470	505.9
59480	505.88
59490	506.01
59500	506.12
59510	506.28
59520	506.4
59530	506.46
59540	506.57
59550	506.73
59560	506.75
59570	506.89
59580	506.97
59590	507.04
59600	507.14
59610	507.24
59620	507.39
59630	507.45
59640	507.62
59650	507.75
59660	507.75
59670	507.85
59680	507.91
59690	508.0
59700	508.07
59710	508.12
59720	508.2
59730	508.23
59740	508.3
59750	508.39
59760	508.52
59770	508.7
59780	508.73
59790	508.91
59800	509.05
59810	509.11
59820	509.2
59830	509.18
59840	509.3
59850	509.36
59860	509.49
59870	509.53
59880	509.55
59890	509.58
59900	509.66
59910	509.75
59920	509.86
59930	509.84
59940	509.85
59950	509.93
59960	509.96
59970	509.96
59980	509.97
59990	509.97
60000	509.89
