10	0.14
20	0.67
30	1.0
40	1.19
50	1.44
60	1.78
70	1.85
80	1.92
90	2.11
100	2.46
110	2.91
120	3.11
130	3.55
140	3.93
150	4.26
160	4.63
170	4.85
180	5.18
190	5.42
200	5.83
210	6.07
220	6.46
230	6.74
240	6.79
250	7.26
260	7.52
270	7.83
280	8.15
290	8.63
300	8.86
310	9.05
320	9.29
330	9.53
340	9.95
350	10.16
360	10.23
370	10.65
380	11.02
390	11.11
400	11.43
410	11.4
420	11.68
430	11.95
440	12.12
450	12.42
460	12.52
470	12.82
480	13.13
490	13.41
500	13.83
510	14.25
520	14.64
530	14.95
540	15.38
550	15.58
560	15.7
570	16.03
580	16.48
590	16.88
600	17.19
610	17.56
620	17.94
630	18.3
640	18.45
650	18.88
660	18.92
670	19.26
680	19.48
690	19.57
700	20.11
710	20.48
720	20.7
730	21.21
740	21.66
750	22.0
760	22.48
770	22.86
780	23.01
790	23.4
800	23.42
810	23.8
820	24.08
830	24.39
840	24.52
850	24.81
860	25.03
870	25.38
880	25.52
890	25.77
900	25.98
910	26.39
920	26.45
930	26.7
940	26.85
950	27.21
960	27.48
970	27.74
980	28.01
990	28.14
1000	28.48
1010	28.83
1020	29.22
1030	29.33
1040	29.38
1050	29.67
1060	29.94
1070	30.23
1080	30.66
1090	31.0
1100	31.21
1110	31.37
1120	31.61
1130	32.02
1140	32.42
1150	32.69
1160	32.85
1170	33.09
1180	33.72
1190	33.98
1200	34.37
1210	34.52
1220	34.76
1230	34.99
1240	35.46
1250	35.66
1260	35.9
1270	36.12
1280	36.63
1290	36.89
1300	37.16
1310	37.42
1320	37.69
1330	37.92
1340	38.26
1350	38.73
1360	39.11
1370	39.35
1380	39.66
1390	40.1
1400	40.27
1410	40.55
1420	40.84
1430	41.04
1440	41.63
1450	41.81
1460	41.84
1470	42.1
1480	42.44
1490	42.48
1500	42.76
1510	43.04
1520	43.41
1530	43.73
1540	44.14
1550	44.56
1560	44.73
1570	45.05
1580	45.24
1590	45.39
1600	45.43
1610	45.44
1620	45.71
1630	45.84
1640	46.05
1650	46.4
1660	46.76
1670	46.86
1680	47.03
1690	47.6
1700	47.84
1710	48.27
1720	48.55
1730	48.92
1740	49.36
1750	49.42
1760	49.67
1770	50.19
1780	50.54
1790	50.81
1800	51.07
1810	51.31
1820	51.67
1830	52.03
1840	52.23
1850	52.38
1860	52.81
1870	53.0
1880	53.27
1890	53.42
1900	53.63
1910	54.1
1920	54.46
1930	54.73
1940	55.23
1950	55.46
1960	55.91
1970	56.13
1980	56.39
1990	56.57
2000	57.15
2010	57.42
2020	57.85
2030	58.09
2040	58.31
2050	58.38
2060	58.73
2070	59.04
2080	59.18
2090	59.49
2100	59.52
2110	59.82
2120	59.89
2130	60.27
2140	60.61
2150	61.02
2160	61.35
2170	61.63
2180	61.97
2190	62.17
2200	62.48
2210	62.57
2220	62.89
2230	63.22
2240	63.76
2250	64.16
2260	64.17
2270	64.45
2280	64.83
2290	65.11
2300	65.34
2310	65.56
2320	66.12
2330	66.35
2340	66.78
2350	67.2
2360	67.55
2370	67.89
2380	68.23
2390	68.65
2400	68.94
2410	69.48
2420	69.95
2430	70.18
2440	70.31
2450	70.65
2460	70.76
2470	70.98
2480	71.29
2490	71.56
2500	71.65
2510	71.83
2520	71.98
2530	72.23
2540	72.43
2550	72.75
2560	73.04
2570	73.32
2580	73.61
2590	73.84
2600	74.02
2610	74.35
2620	74.68
2630	75.08
2640	75.1
2650	75.34
2660	75.69
2670	76.11
2680	76.31
2690	76.7
2700	76.76
2710	77.21
2720	77.65
2730	77.73
2740	78.24
2750	78.47
2760	78.81
2770	79.21
2780	79.6
2790	80.03
2800	80.58
2810	80.81
2820	81.29
2830	81.71
2840	82.0
2850	82.27
2860	82.57
2870	82.65
2880	82.94
2890	83.12
2900	83.28
2910	83.57
2920	83.99
2930	84.21
2940	84.34
2950	84.55
2960	84.82
2970	85.05
2980	85.25
2990	85.48
3000	85.79
3010	85.97
3020	86.38
3030	86.75
3040	86.78
3050	86.86
3060	87.06
3070	87.34
3080	87.53
3090	87.94
3100	88.04
3110	88.2
3120	88.39
3130	88.72
3140	88.91
3150	89.01
3160	89.17
3170	89.46
3180	89.82
3190	90.13
3200	90.46
3210	90.75
3220	91.22
3230	91.87
3240	92.18
3250	92.48
3260	92.7
3270	92.93
3280	93.23
3290	93.33
3300	93.53
3310	93.79
3320	94.2
3330	94.5
3340	94.87
3350	95.15
3360	95.33
3370	95.71
3380	95.81
3390	96.15
3400	96.57
3410	96.84
3420	97.28
3430	97.46
3440	97.88
3450	98.1
3460	98.53
3470	98.61
3480	98.95
3490	99.04
3500	99.25
3510	99.75
3520	100.12
3530	100.38
3540	100.72
3550	101.02
3560	101.16
3570	101.43
3580	101.69
3590	102.07
3600	102.35
3610	102.64
3620	102.94
3630	103.22
3640	103.62
3650	103.97
3660	104.43
3670	104.46
3680	104.6
3690	104.72
3700	105.07
3710	105.35
3720	105.71
3730	105.9
3740	106.06
3750	106.65
3760	106.73
3770	106.69
3780	106.9
3790	107.42
3800	107.63
3810	107.86
3820	108.05
3830	108.24
3840	108.61
3850	109.1
3860	109.36
3870	109.61
3880	109.9
3890	110.23
3900	110.47
3910	110.86
3920	111.11
3930	111.36
3940	111.83
3950	112.3
3960	112.53
3970	112.75
3980	112.87
3990	113.16
4000	113.55
4010	113.76
4020	114.07
4030	114.36
4040	114.64
4050	114.94
4060	115.22
4070	115.46
4080	115.74
4090	115.93
4100	116.07
4110	116.24
4120	116.37
4130	116.53
4140	116.7
4150	116.85
4160	117.07
4170	117.42
4180	117.5
4190	117.66
4200	117.99
4210	118.35
4220	118.59
4230	118.79
4240	118.92
4250	119.22
4260	119.52
4270	119.74
4280	120.18
4290	120.63
4300	120.78
4310	121.17
4320	121.56
4330	121.89
4340	122.09
4350	122.29
4360	122.52
4370	122.74
4380	122.83
4390	123.01
4400	123.46
4410	123.74
4420	124.07
4430	124.59
4440	125.0
4450	125.47
4460	125.66
4470	126.14
4480	126.39
4490	126.72
4500	126.99
4510	127.26
4520	127.39
4530	127.64
4540	128.03
4550	128.35
4560	128.68
4570	128.76
4580	129.13
4590	129.52
4600	129.87
4610	130.19
4620	130.45
4630	130.6
4640	130.99
4650	131.39
4660	131.5
4670	131.78
4680	132.24
4690	132.8
4700	133.11
4710	133.39
4720	133.62
4730	133.81
4740	134.15
4750	134.69
4760	135.07
4770	135.11
4780	135.49
4790	135.85
4800	136.09
4810	136.33
4820	136.8
4830	137.16
4840	137.4
4850	137.57
4860	137.84
4870	138.12
4880	138.22
4890	138.46
4900	138.77
4910	138.84
4920	139.13
4930	139.28
4940	139.54
4950	139.89
4960	140.15
4970	140.42
4980	140.74
4990	140.89
5000	141.05
5010	141.47
5020	141.7
5030	141.93
5040	142.13
5050	142.4
5060	142.58
5070	142.96
5080	143.1
5090	143.2
5100	143.59
5110	143.92
5120	144.22
5130	144.39
5140	144.56
5150	144.86
5160	145.14
5170	145.54
5180	145.77
5190	146.09
5200	146.43
5210	146.53
5220	146.61
5230	146.95
5240	147.26
5250	147.53
5260	148.01
5270	148.18
5280	148.65
5290	148.97
5300	149.39
5310	149.59
5320	150.01
5330	150.28
5340	150.43
5350	150.65
5360	151.01
5370	151.09
5380	151.3
5390	151.55
5400	151.95
5410	152.31
5420	152.53
5430	152.69
5440	152.94
5450	153.3
5460	153.72
5470	153.88
5480	154.32
5490	154.66
5500	154.84
5510	155.0
5520	155.3
5530	155.69
5540	156.01
5550	156.23
5560	156.36
5570	156.71
5580	157.09
5590	157.28
5600	157.46
5610	157.65
5620	158.08
5630	158.31
5640	158.65
5650	159.08
5660	159.37
5670	159.63
5680	159.79
5690	160.17
5700	160.47
5710	160.83
5720	161.25
5730	161.66
5740	162.01
5750	162.24
5760	162.6
5770	163.05
5780	163.37
5790	163.65
5800	163.91
5810	164.25
5820	164.44
5830	164.64
5840	164.98
5850	165.22
5860	165.58
5870	165.96
5880	166.12
5890	166.5
5900	166.79
5910	167.0
5920	167.25
5930	167.59
5940	167.84
5950	168.05
5960	168.38
5970	168.56
5980	168.81
5990	169.13
6000	169.41
6010	169.78
6020	169.96
6030	170.36
6040	170.88
6050	171.41
6060	171.58
6070	171.77
6080	172.16
6090	172.41
6100	172.52
6110	172.65
6120	172.79
6130	173.29
6140	173.42
6150	173.92
6160	174.2
6170	174.44
6180	174.85
6190	175.31
6200	175.63
6210	175.85
6220	176.09
6230	176.56
6240	176.92
6250	177.12
6260	177.33
6270	177.5
6280	177.67
6290	177.69
6300	177.99
6310	178.16
6320	178.42
6330	178.75
6340	179.01
6350	179.12
6360	179.53
6370	179.67
6380	179.94
6390	180.19
6400	180.29
6410	180.51
6420	180.9
6430	181.22
6440	181.6
6450	181.69
6460	181.77
6470	182.05
6480	182.35
6490	182.55
6500	182.75
6510	182.85
6520	183.04
6530	183.51
6540	183.74
6550	184.03
6560	184.52
6570	184.96
6580	185.1
6590	185.16
6600	185.54
6610	185.96
6620	186.12
6630	186.36
6640	186.69
6650	186.99
6660	187.24
6670	187.65
6680	187.8
6690	187.96
6700	188.37
6710	188.76
6720	189.02
6730	189.13
6740	189.36
6750	189.74
6760	189.92
6770	190.16
6780	190.13
6790	190.26
6800	190.32
6810	190.54
6820	190.79
6830	190.82
6840	191.11
6850	191.36
6860	191.43
6870	191.67
6880	191.9
6890	192.13
6900	192.52
6910	192.78
6920	193.05
6930	193.29
6940	193.47
6950	193.68
6960	194.01
6970	194.28
6980	194.53
6990	194.67
7000	194.94
7010	195.31
7020	195.58
7030	196.03
7040	196.35
7050	196.47
7060	196.6
7070	197.08
7080	197.07
7090	197.46
7100	197.71
7110	198.1
7120	198.46
7130	198.85
7140	199.21
7150	199.65
7160	199.87
7170	199.96
7180	200.24
7190	200.51
7200	200.97
7210	201.22
7220	201.69
7230	202.11
7240	202.26
7250	202.32
7260	202.72
7270	203.34
7280	203.48
7290	203.73
7300	204.16
7310	204.32
7320	204.81
7330	204.94
7340	205.2
7350	205.26
7360	205.47
7370	205.73
7380	206.12
7390	206.33
7400	206.75
7410	206.97
7420	207.23
7430	207.68
7440	208.09
7450	208.39
7460	208.65
7470	208.9
7480	209.42
7490	210.03
7500	210.29
7510	210.86
7520	211.14
7530	211.33
7540	211.67
7550	211.89
7560	212.21
7570	212.44
7580	212.66
7590	212.89
7600	213.19
7610	213.5
7620	213.87
7630	214.22
7640	214.69
7650	215.1
7660	215.57
7670	215.63
7680	215.92
7690	216.2
7700	216.55
7710	216.88
7720	217.19
7730	217.67
7740	217.9
7750	218.19
7760	218.47
7770	218.73
7780	219.1
7790	219.29
7800	219.79
7810	220.08
7820	220.49
7830	220.91
7840	221.03
7850	221.2
7860	221.54
7870	221.66
7880	221.92
7890	222.24
7900	222.53
7910	222.69
7920	223.0
7930	223.27
7940	223.58
7950	224.03
7960	224.36
7970	224.47
7980	224.74
7990	224.85
8000	225.07
8010	225.37
8020	225.77
8030	225.97
8040	226.43
8050	226.69
8060	226.86
8070	227.03
8080	227.32
8090	227.42
8100	227.81
8110	227.87
8120	228.24
8130	228.47
8140	228.78
8150	228.92
8160	229.24
8170	229.4
8180	229.8
8190	229.97
8200	230.32
8210	230.6
8220	230.59
8230	230.82
8240	230.97
8250	231.24
8260	231.43
8270	231.73
8280	231.91
8290	232.06
8300	232.19
8310	232.45
8320	232.73
8330	232.96
8340	233.13
8350	233.31
8360	233.44
8370	233.56
8380	233.81
8390	233.85
8400	233.9
8410	234.21
8420	234.33
8430	234.49
8440	234.63
8450	234.81
8460	235.22
8470	235.46
8480	235.67
8490	235.98
8500	236.31
8510	236.57
8520	236.76
8530	236.84
8540	237.2
8550	237.28
8560	237.52
8570	237.95
8580	238.05
8590	238.27
8600	238.53
8610	238.73
8620	238.81
8630	238.85
8640	239.09
8650	239.23
8660	239.5
8670	239.7
8680	239.88
8690	240.09
8700	240.35
8710	240.68
8720	240.95
8730	241.18
8740	241.29
8750	241.46
8760	241.51
8770	241.61
8780	241.8
8790	241.98
8800	242.18
8810	242.4
8820	242.55
8830	242.56
8840	242.81
8850	242.82
8860	242.97
8870	243.07
8880	243.48
8890	243.54
8900	243.83
8910	243.9
8920	244.22
8930	244.19
8940	244.37
8950	244.7
8960	244.9
8970	245.03
8980	245.26
8990	245.24
9000	245.35
9010	245.59
9020	245.78
9030	245.96
9040	245.91
9050	245.92
9060	245.89
9070	246.11
9080	246.13
9090	246.25
9100	246.39
9110	246.57
9120	246.87
9130	247.18
9140	247.03
9150	247.25
9160	247.44
9170	247.77
9180	247.88
9190	248.25
9200	248.59
9210	248.72
9220	249.0
9230	249.31
9240	249.47
9250	249.66
9260	249.85
9270	250.1
9280	250.22
9290	250.36
9300	250.49
9310	250.53
9320	250.75
9330	250.88
9340	251.11
9350	251.39
9360	251.56
9370	251.75
9380	251.94
9390	252.14
9400	252.27
9410	252.51
9420	252.65
9430	252.72
9440	252.88
9450	253.02
9460	253.07
9470	253.32
9480	253.56
9490	253.77
9500	253.91
9510	254.13
9520	254.39
9530	254.53
9540	254.72
9550	254.89
9560	255.12
9570	255.25
9580	255.26
9590	255.35
9600	255.55
9610	255.73
9620	255.84
9630	255.97
9640	256.26
9650	256.45
9660	256.41
9670	256.54
9680	256.6
9690	256.69
9700	256.78
9710	256.82
9720	256.98
9730	257.1
9740	257.1
9750	257.24
9760	257.48
9770	257.65
9780	257.62
9790	257.66
9800	257.69
9810	257.9
9820	258.11
9830	258.19
9840	258.38
9850	258.51
9860	258.59
9870	258.75
9880	258.82
9890	258.98
9900	259.2
9910	259.25
9920	259.25
9930	259.3
9940	259.42
9950	259.54
9960	259.65
9970	259.84
9980	259.94
9990	260.12
10000	260.31
10010	260.41
10020	260.49
10030	260.45
10040	260.72
10050	260.63
10060	260.69
10070	260.81
10080	260.78
10090	260.88
10100	260.98
10110	261.07
10120	261.22
10130	261.3
10140	261.39
10150	261.52
10160	261.68
10170	261.86
10180	262.08
10190	262.2
10200	262.35
10210	262.39
10220	262.58
10230	262.68
10240	262.68
10250	262.79
10260	262.97
10270	263.15
10280	263.32
10290	263.4
10300	263.49
10310	263.52
10320	263.61
10330	263.6
10340	263.75
10350	263.85
10360	263.84
10370	263.87
10380	263.95
10390	263.99
10400	264.14
10410	264.15
10420	264.25
10430	264.2
10440	264.37
10450	264.44
10460	264.64
10470	264.78
10480	264.79
10490	264.87
10500	265.0
10510	265.03
10520	265.2
10530	265.24
10540	265.39
10550	265.57
10560	265.69
10570	265.75
10580	265.68
10590	265.73
10600	265.73
10610	265.83
10620	265.9
10630	266.07
10640	266.11
10650	266.26
10660	266.37
10670	266.52
10680	266.57
10690	266.62
10700	266.59
10710	266.67
10720	266.69
10730	266.88
10740	267.05
10750	267.18
10760	267.25
10770	267.29
10780	267.35
10790	267.48
10800	267.54
10810	267.62
10820	267.63
10830	267.65
10840	267.76
10850	267.85
10860	267.94
10870	267.97
10880	268.16
10890	268.22
10900	268.38
10910	268.43
10920	268.46
10930	268.46
10940	268.48
10950	268.58
10960	268.61
10970	268.65
10980	268.7
10990	268.73
11000	268.79
11010	268.71
11020	268.78
11030	268.78
11040	268.77
11050	268.82
11060	268.86
11070	268.87
11080	268.97
11090	269.02
11100	269.03
11110	269.08
11120	269.12
11130	269.2
11140	269.21
11150	269.18
11160	269.27
11170	269.3
11180	269.4
11190	269.45
11200	269.51
11210	269.57
11220	269.63
11230	269.64
11240	269.65
11250	269.62
11260	269.62
11270	269.72
11280	269.77
11290	269.89
11300	269.95
11310	269.99
11320	269.98
11330	270.09
11340	270.11
11350	270.18
11360	270.24
11370	270.27
11380	270.3
11390	270.42
11400	270.43
11410	270.47
11420	270.47
11430	270.47
11440	270.49
11450	270.59
11460	270.56
11470	270.65
11480	270.61
11490	270.62
11500	270.63
11510	270.66
11520	270.69
11530	270.8
11540	270.81
11550	270.83
11560	270.87
11570	270.98
11580	271.02
11590	271.04
11600	271.08
11610	271.01
11620	270.98
11630	270.96
11640	271.07
11650	271.11
11660	271.15
11670	271.15
11680	271.15
11690	271.23
11700	271.25
11710	271.33
11720	271.37
11730	271.43
11740	271.44
11750	271.48
11760	271.5
11770	271.53
11780	271.58
11790	271.66
11800	271.71
11810	271.69
11820	271.8
11830	271.78
11840	271.87
11850	271.99
11860	271.98
11870	272.16
11880	272.2
11890	272.18
11900	272.28
11910	272.31
11920	272.31
11930	272.35
11940	272.35
11950	272.35
11960	272.41
11970	272.43
11980	272.45
11990	272.5
12000	272.49
12010	272.42
12020	272.5
12030	272.53
12040	272.63
12050	272.67
12060	272.64
12070	272.8
12080	272.75
12090	272.87
12100	272.94
12110	272.87
12120	272.95
12130	272.95
12140	273.01
12150	273.09
12160	273.15
12170	273.13
12180	273.11
12190	273.03
12200	273.06
12210	273.13
12220	273.16
12230	273.22
12240	273.33
12250	273.38
12260	273.42
12270	273.43
12280	273.47
12290	273.39
12300	273.44
12310	273.53
12320	273.6
12330	273.67
12340	273.71
12350	273.74
12360	273.78
12370	273.78
12380	273.9
12390	273.92
12400	273.95
12410	273.99
12420	273.97
12430	273.98
12440	274.12
12450	274.16
12460	274.19
12470	274.24
12480	274.29
12490	274.26
12500	274.31
12510	274.45
12520	274.49
12530	274.58
12540	274.62
12550	274.74
12560	274.79
12570	274.79
12580	274.77
12590	274.82
12600	274.88
12610	274.94
12620	275.02
12630	275.06
12640	275.09
12650	275.12
12660	275.15
12670	275.16
12680	275.17
12690	275.13
12700	275.11
12710	275.17
12720	275.19
12730	275.21
12740	275.25
12750	275.25
12760	275.23
12770	275.35
12780	275.41
12790	275.48
12800	275.5
12810	275.51
12820	275.56
12830	275.57
12840	275.64
12850	275.7
12860	275.68
12870	275.63
12880	275.63
12890	275.66
12900	275.69
12910	275.75
12920	275.84
12930	275.87
12940	275.96
12950	276.03
12960	276.04
12970	276.08
12980	276.1
12990	276.09
13000	276.08
13010	276.14
13020	276.12
13030	276.11
13040	276.15
13050	276.15
13060	276.22
13070	276.24
13080	276.29
13090	276.3
13100	276.35
13110	276.36
13120	276.38
13130	276.4
13140	276.4
13150	276.44
13160	276.47
13170	276.49
13180	276.51
13190	276.57
13200	276.57
13210	276.61
13220	276.66
13230	276.7
13240	276.72
13250	276.71
13260	276.74
13270	276.72
13280	276.73
13290	276.73
13300	276.74
13310	276.77
13320	276.85
13330	276.88
13340	276.95
13350	277.03
13360	277.06
13370	277.07
13380	277.07
13390	277.07
13400	277.06
13410	277.08
13420	277.06
13430	277.05
13440	277.06
13450	277.09
13460	277.08
13470	277.08
13480	277.1
13490	277.12
13500	277.18
13510	277.2
13520	277.29
13530	277.27
13540	277.25
13550	277.29
13560	277.23
13570	277.3
13580	277.29
13590	277.31
13600	277.34
13610	277.39
13620	277.47
13630	277.51
13640	277.55
13650	277.6
13660	277.68
13670	277.63
13680	277.7
13690	277.67
13700	277.67
13710	277.72
13720	277.75
13730	277.78
13740	277.82
13750	277.94
13760	277.97
13770	277.98
13780	277.96
13790	277.98
13800	278.07
13810	278.1
13820	278.17
13830	278.22
13840	278.17
13850	278.16
13860	278.18
13870	278.26
13880	278.26
13890	278.26
13900	278.24
13910	278.24
13920	278.32
13930	278.33
13940	278.33
13950	278.28
13960	278.3
13970	278.33
13980	278.35
13990	278.36
14000	278.38
14010	278.38
14020	278.38
14030	278.36
14040	278.39
14050	278.41
14060	278.44
14070	278.52
14080	278.52
14090	278.57
14100	278.6
14110	278.65
14120	278.62
14130	278.67
14140	278.72
14150	278.71
14160	278.74
14170	278.76
14180	278.75
14190	278.76
14200	278.81
14210	278.76
14220	278.77
14230	278.85
14240	278.83
14250	278.84
14260	278.89
14270	278.94
14280	278.94
14290	278.96
14300	278.99
14310	278.96
14320	279.0
14330	279.04
14340	279.11
14350	279.11
14360	279.08
14370	279.12
14380	279.17
14390	279.17
14400	279.21
14410	279.26
14420	279.32
14430	279.28
14440	279.35
14450	279.33
14460	279.32
14470	279.36
14480	279.39
14490	279.37
14500	279.37
14510	279.4
14520	279.46
14530	279.39
14540	279.37
14550	279.46
14560	279.45
14570	279.45
14580	279.47
14590	279.47
14600	279.42
14610	279.38
14620	279.43
14630	279.49
14640	279.48
14650	279.59
14660	279.61
14670	279.65
14680	279.73
14690	279.73
14700	279.73
14710	279.8
14720	279.84
14730	279.85
14740	279.9
14750	279.93
14760	279.9
14770	279.96
14780	279.95
14790	279.95
14800	280.03
14810	280.04
14820	280.04
14830	280.06
14840	280.11
14850	280.12
14860	280.08
14870	280.11
14880	280.13
14890	280.1
14900	280.17
14910	280.13
14920	280.15
14930	280.16
14940	280.19
14950	280.17
14960	280.21
14970	280.26
14980	280.27
14990	280.3
15000	280.36
15010	280.37
15020	280.4
15030	280.43
15040	280.41
15050	280.41
15060	280.44
15070	280.54
15080	280.59
15090	280.65
15100	280.66
15110	280.7
15120	280.78
15130	280.8
15140	280.86
15150	280.92
15160	281.0
15170	280.98
15180	281.01
15190	281.02
15200	281.03
15210	281.04
15220	281.05
15230	281.04
15240	281.1
15250	281.16
15260	281.11
15270	281.13
15280	281.12
15290	281.19
15300	281.21
15310	281.25
15320	281.24
15330	281.29
15340	281.31
15350	281.39
15360	281.37
15370	281.44
15380	281.5
15390	281.53
15400	281.6
15410	281.66
15420	281.74
15430	281.77
15440	281.84
15450	281.84
15460	281.93
15470	281.93
15480	281.87
15490	281.9
15500	281.96
15510	282.0
15520	282.06
15530	282.1
15540	282.06
15550	282.13
15560	282.21
15570	282.25
15580	282.35
15590	282.4
15600	282.46
15610	282.54
15620	282.53
15630	282.53
15640	282.56
15650	282.64
15660	282.62
15670	282.64
15680	282.64
15690	282.68
15700	282.68
15710	282.69
15720	282.76
15730	282.77
15740	282.8
15750	282.78
15760	282.77
15770	282.79
15780	282.76
15790	282.76
15800	282.78
15810	282.79
15820	282.81
15830	282.85
15840	282.91
15850	282.89
15860	282.94
15870	283.01
15880	283.07
15890	283.01
15900	283.03
15910	283.09
15920	283.12
15930	283.09
15940	283.09
15950	283.17
15960	283.25
15970	283.26
15980	283.28
15990	283.32
16000	283.34
16010	283.36
16020	283.41
16030	283.41
16040	283.38
16050	283.44
16060	283.41
16070	283.41
16080	283.37
16090	283.37
16100	283.43
16110	283.43
16120	283.4
16130	283.45
16140	283.46
16150	283.49
16160	283.53
16170	283.58
16180	283.61
16190	283.62
16200	283.68
16210	283.7
16220	283.7
16230	283.73
16240	283.73
16250	283.69
16260	283.71
16270	283.69
16280	283.64
16290	283.67
16300	283.73
16310	283.85
16320	283.87
16330	283.97
16340	284.0
16350	284.02
16360	284.0
16370	284.0
16380	284.09
16390	284.11
16400	284.19
16410	284.2
16420	284.18
16430	284.24
16440	284.25
16450	284.31
16460	284.3
16470	284.29
16480	284.29
16490	284.36
16500	284.41
16510	284.45
16520	284.44
16530	284.43
16540	284.46
16550	284.41
16560	284.4
16570	284.38
16580	284.43
16590	284.46
16600	284.47
16610	284.46
16620	284.49
16630	284.47
16640	284.5
16650	284.54
16660	284.59
16670	284.69
16680	284.76
16690	284.78
16700	284.78
16710	284.75
16720	284.68
16730	284.73
16740	284.79
16750	284.78
16760	284.78
16770	284.77
16780	284.79
16790	284.83
16800	284.86
16810	284.83
16820	284.87
16830	284.88
16840	284.92
16850	284.96
16860	285.02
16870	285.03
16880	285.09
16890	285.07
16900	285.05
16910	285.08
16920	285.14
16930	285.16
16940	285.18
16950	285.24
16960	285.29
16970	285.32
16980	285.34
16990	285.34
17000	285.32
17010	285.37
17020	285.41
17030	285.4
17040	285.51
17050	285.56
17060	285.58
17070	285.61
17080	285.58
17090	285.6
17100	285.6
17110	285.64
17120	285.7
17130	285.76
17140	285.74
17150	285.76
17160	285.77
17170	285.83
17180	285.85
17190	285.87
17200	285.89
17210	285.92
17220	285.93
17230	285.9
17240	285.88
17250	285.88
17260	285.94
17270	285.94
17280	285.97
17290	285.98
17300	285.98
17310	286.03
17320	286.1
17330	286.19
17340	286.23
17350	286.22
17360	286.23
17370	286.32
17380	286.38
17390	286.41
17400	286.42
17410	286.45
17420	286.58
17430	286.59
17440	286.57
17450	286.6
17460	286.7
17470	286.75
17480	286.76
17490	286.8
17500	286.81
17510	286.85
17520	286.89
17530	286.91
17540	286.93
17550	286.97
17560	287.04
17570	287.05
17580	287.09
17590	287.15
17600	287.18
17610	287.21
17620	287.15
17630	287.16
17640	287.15
17650	287.14
17660	287.16
17670	287.23
17680	287.23
17690	287.26
17700	287.27
17710	287.25
17720	287.26
17730	287.25
17740	287.21
17750	287.27
17760	287.28
17770	287.38
17780	287.41
17790	287.44
17800	287.45
17810	287.49
17820	287.53
17830	287.6
17840	287.63
17850	287.59
17860	287.6
17870	287.64
17880	287.63
17890	287.67
17900	287.76
17910	287.7
17920	287.7
17930	287.71
17940	287.79
17950	287.83
17960	287.88
17970	287.83
17980	287.84
17990	287.84
18000	287.9
18010	287.86
18020	287.85
18030	287.88
18040	287.92
18050	287.97
18060	288.0
18070	288.04
18080	288.02
18090	288.1
18100	288.12
18110	288.08
18120	288.09
18130	288.09
18140	288.07
18150	288.13
18160	288.21
18170	288.22
18180	288.23
18190	288.22
18200	288.22
18210	288.26
18220	288.27
18230	288.27
18240	288.3
18250	288.31
18260	288.29
18270	288.35
18280	288.37
18290	288.42
18300	288.41
18310	288.42
18320	288.43
18330	288.47
18340	288.47
18350	288.49
18360	288.56
18370	288.55
18380	288.59
18390	288.61
18400	288.7
18410	288.72
18420	288.72
18430	288.69
18440	288.7
18450	288.75
18460	288.8
18470	288.78
18480	288.79
18490	288.78
18500	288.81
18510	288.82
18520	288.81
18530	288.86
18540	288.88
18550	288.87
18560	288.86
18570	288.89
18580	288.88
18590	288.91
18600	288.98
18610	289.03
18620	289.06
18630	289.07
18640	289.13
18650	289.11
18660	289.1
18670	289.13
18680	289.13
18690	289.17
18700	289.18
18710	289.23
18720	289.3
18730	289.32
18740	289.36
18750	289.39
18760	289.42
18770	289.47
18780	289.44
18790	289.51
18800	289.54
18810	289.58
18820	289.58
18830	289.58
18840	289.64
18850	289.72
18860	289.75
18870	289.78
18880	289.78
18890	289.74
18900	289.76
18910	289.85
18920	289.94
18930	289.99
18940	290.08
18950	290.11
18960	290.15
18970	290.18
18980	290.28
18990	290.31
19000	290.3
19010	290.31
19020	290.38
19030	290.38
19040	290.45
19050	290.51
19060	290.55
19070	290.6
19080	290.67
19090	290.79
19100	290.78
19110	290.79
19120	290.76
19130	290.78
19140	290.82
19150	290.86
19160	290.86
19170	290.92
19180	290.95
19190	290.96
19200	291.01
19210	291.03
19220	291.03
19230	291.15
19240	291.19
19250	291.25
19260	291.23
19270	291.25
19280	291.31
19290	291.34
19300	291.36
19310	291.38
19320	291.37
19330	291.36
19340	291.32
19350	291.38
19360	291.45
19370	291.45
19380	291.5
19390	291.54
19400	291.58
19410	291.59
19420	291.62
19430	291.69
19440	291.7
19450	291.72
19460	291.68
19470	291.75
19480	291.76
19490	291.8
19500	291.79
19510	291.86
19520	291.92
19530	291.96
19540	291.96
19550	292.01
19560	292.06
19570	292.07
19580	292.1
19590	292.14
19600	292.15
19610	292.11
19620	292.13
19630	292.1
19640	292.11
19650	292.11
19660	292.15
19670	292.15
19680	292.16
19690	292.19
19700	292.23
19710	292.27
19720	292.32
19730	292.32
19740	292.35
19750	292.36
19760	292.37
19770	292.37
19780	292.4
19790	292.36
19800	292.4
19810	292.39
19820	292.4
19830	292.44
19840	292.45
19850	292.48
19860	292.49
19870	292.48
19880	292.55
19890	292.61
19900	292.65
19910	292.66
19920	292.74
19930	292.78
19940	292.8
19950	292.84
19960	292.8
19970	292.82
19980	292.88
19990	292.9
20000	292.99
20010	293.01
20020	293.06
20030	293.09
20040	293.1
20050	293.12
20060	293.16
20070	293.16
20080	293.24
20090	293.3
20100	293.3
20110	293.34
20120	293.35
20130	293.35
20140	293.42
20150	293.45
20160	293.54
20170	293.58
20180	293.62
20190	293.68
20200	293.76
20210	293.77
20220	293.82
20230	293.86
20240	293.91
20250	293.92
20260	293.96
20270	293.97
20280	293.99
20290	294.05
20300	294.03
20310	294.05
20320	294.1
20330	294.1
20340	294.09
20350	294.1
20360	294.14
20370	294.19
20380	294.2
20390	294.22
20400	294.34
20410	294.35
20420	294.34
20430	294.38
20440	294.38
20450	294.39
20460	294.43
20470	294.48
20480	294.54
20490	294.57
20500	294.63
20510	294.63
20520	294.68
20530	294.69
20540	294.63
20550	294.67
20560	294.7
20570	294.71
20580	294.74
20590	294.79
20600	294.78
20610	294.83
20620	294.92
20630	294.92
20640	294.9
20650	295.01
20660	295.07
20670	295.03
20680	295.07
20690	295.06
20700	295.08
20710	295.11
20720	295.17
20730	295.18
20740	295.23
20750	295.24
20760	295.26
20770	295.21
20780	295.2
20790	295.16
20800	295.22
20810	295.26
20820	295.28
20830	295.24
20840	295.23
20850	295.27
20860	295.3
20870	295.27
20880	295.28
20890	295.24
20900	295.25
20910	295.34
20920	295.35
20930	295.33
20940	295.44
20950	295.51
20960	295.51
20970	295.51
20980	295.5
20990	295.53
21000	295.55
21010	295.47
21020	295.47
21030	295.45
21040	295.44
21050	295.45
21060	295.45
21070	295.43
21080	295.42
21090	295.45
21100	295.52
21110	295.52
21120	295.51
21130	295.52
21140	295.55
21150	295.59
21160	295.57
21170	295.63
21180	295.61
21190	295.58
21200	295.65
21210	295.66
21220	295.67
21230	295.65
21240	295.66
21250	295.64
21260	295.67
21270	295.68
21280	295.76
21290	295.78
21300	295.84
21310	295.87
21320	295.86
21330	295.87
21340	295.9
21350	295.87
21360	295.86
21370	295.89
21380	295.92
21390	295.95
21400	295.95
21410	295.96
21420	295.94
21430	295.99
21440	295.97
21450	295.95
21460	295.99
21470	295.98
21480	296.0
21490	296.04
21500	295.94
21510	295.95
21520	295.91
21530	295.95
21540	296.01
21550	296.07
21560	296.12
21570	296.16
21580	296.19
21590	296.2
21600	296.22
21610	296.28
21620	296.26
21630	296.26
21640	296.34
21650	296.35
21660	296.38
21670	296.42
21680	296.42
21690	296.4
21700	296.39
21710	296.43
21720	296.5
21730	296.58
21740	296.64
21750	296.61
21760	296.61
21770	296.58
21780	296.62
21790	296.62
21800	296.7
21810	296.71
21820	296.7
21830	296.68
21840	296.7
21850	296.7
21860	296.68
21870	296.7
21880	296.67
21890	296.67
21900	296.72
21910	296.77
21920	296.78
21930	296.78
21940	296.77
21950	296.79
21960	296.81
21970	296.83
21980	296.88
21990	296.91
22000	296.99
22010	296.98
22020	297.0
22030	296.99
22040	297.01
22050	297.04
22060	297.03
22070	297.05
22080	297.1
22090	297.21
22100	297.19
22110	297.23
22120	297.21
22130	297.25
22140	297.33
22150	297.37
22160	297.38
22170	297.4
22180	297.38
22190	297.4
22200	297.45
22210	297.45
22220	297.5
22230	297.49
22240	297.54
22250	297.54
22260	297.6
22270	297.67
22280	297.62
22290	297.64
22300	297.66
22310	297.66
22320	297.63
22330	297.64
22340	297.65
22350	297.73
22360	297.77
22370	297.73
22380	297.79
22390	297.84
22400	297.86
22410	297.83
22420	297.84
22430	297.87
22440	297.86
22450	297.84
22460	297.94
22470	297.92
22480	297.89
22490	297.97
22500	298.03
22510	298.08
22520	298.09
22530	298.1
22540	298.07
22550	298.03
22560	298.04
22570	298.06
22580	298.1
22590	298.13
22600	298.09
22610	298.12
22620	298.07
22630	298.07
22640	298.06
22650	298.12
22660	298.17
22670	298.2
22680	298.24
22690	298.29
22700	298.32
22710	298.29
22720	298.25
22730	298.28
22740	298.27
22750	298.35
22760	298.36
22770	298.41
22780	298.46
22790	298.41
22800	298.49
22810	298.5
22820	298.56
22830	298.57
22840	298.59
22850	298.65
22860	298.7
22870	298.75
22880	298.76
22890	298.79
22900	298.75
22910	298.82
22920	298.86
22930	298.89
22940	298.9
22950	299.0
22960	298.97
22970	299.02
22980	299.09
22990	299.09
23000	299.11
23010	299.11
23020	299.1
23030	299.11
23040	299.16
23050	299.21
23060	299.25
23070	299.3
23080	299.36
23090	299.38
23100	299.47
23110	299.45
23120	299.53
23130	299.48
23140	299.5
23150	299.6
23160	299.64
23170	299.62
23180	299.56
23190	299.58
23200	299.55
23210	299.53
23220	299.56
23230	299.55
23240	299.55
23250	299.59
23260	299.65
23270	299.67
23280	299.7
23290	299.77
23300	299.81
23310	299.85
23320	299.88
23330	299.82
23340	299.8
23350	299.9
23360	299.96
23370	299.93
23380	299.99
23390	300.06
23400	300.08
23410	300.11
23420	300.18
23430	300.22
23440	300.18
23450	300.25
23460	300.28
23470	300.3
23480	300.3
23490	300.36
23500	300.41
23510	300.43
23520	300.47
23530	300.52
23540	300.58
23550	300.61
23560	300.57
23570	300.6
23580	300.59
23590	300.65
23600	300.67
23610	300.69
23620	300.7
23630	300.79
23640	300.79
23650	300.84
23660	300.91
23670	300.99
23680	301.01
23690	301.04
23700	301.06
23710	301.13
23720	301.16
23730	301.12
23740	301.12
23750	301.15
23760	301.22
23770	301.28
23780	301.31
23790	301.35
23800	301.38
23810	301.42
23820	301.4
23830	301.4
23840	301.45
23850	301.43
23860	301.48
23870	301.48
23880	301.43
23890	301.43
23900	301.44
23910	301.47
23920	301.48
23930	301.52
23940	301.54
23950	301.62
23960	301.66
23970	301.76
23980	301.76
23990	301.77
24000	301.83
24010	301.8
24020	301.79
24030	301.81
24040	301.9
24050	301.92
24060	301.89
24070	301.9
24080	301.95
24090	301.95
24100	301.95
24110	302.01
24120	302.04
24130	302.01
24140	301.96
24150	302.02
24160	302.03
24170	302.06
24180	302.09
24190	302.1
24200	302.09
24210	302.07
24220	302.04
24230	302.07
24240	302.09
24250	302.16
24260	302.22
24270	302.24
24280	302.23
24290	302.24
24300	302.24
24310	302.25
24320	302.24
24330	302.26
24340	302.33
24350	302.37
24360	302.33
24370	302.34
24380	302.38
24390	302.36
24400	302.29
24410	302.32
24420	302.36
24430	302.38
24440	302.32
24450	302.3
24460	302.35
24470	302.41
24480	302.34
24490	302.35
24500	302.31
24510	302.31
24520	302.34
24530	302.36
24540	302.44
24550	302.46
24560	302.45
24570	302.43
24580	302.43
24590	302.4
24600	302.39
24610	302.4
24620	302.45
24630	302.51
24640	302.53
24650	302.54
24660	302.53
24670	302.58
24680	302.68
24690	302.74
24700	302.73
24710	302.73
24720	302.75
24730	302.74
24740	302.77
24750	302.86
24760	302.93
24770	302.93
24780	303.02
24790	303.03
24800	303.07
24810	303.12
24820	303.11
24830	303.19
24840	303.22
24850	303.28
24860	303.35
24870	303.42
24880	303.42
24890	303.5
24900	303.5
24910	303.51
24920	303.56
24930	303.57
24940	303.57
24950	303.59
24960	303.65
24970	303.57
24980	303.58
24990	303.6
25000	303.61
25010	303.58
25020	303.61
25030	303.62
25040	303.58
25050	303.59
25060	303.59
25070	303.65
25080	303.61
25090	303.61
25100	303.63
25110	303.63
25120	303.65
25130	303.69
25140	303.73
25150	303.72
25160	303.68
25170	303.82
25180	303.86
25190	303.89
25200	303.92
25210	303.94
25220	304.01
25230	304.0
25240	304.01
25250	304.02
25260	304.09
25270	304.15
25280	304.16
25290	304.17
25300	304.13
25310	304.18
25320	304.23
25330	304.23
25340	304.24
25350	304.17
25360	304.25
25370	304.29
25380	304.35
25390	304.35
25400	304.43
25410	304.39
25420	304.38
25430	304.45
25440	304.48
25450	304.52
25460	304.54
25470	304.55
25480	304.58
25490	304.61
25500	304.64
25510	304.7
25520	304.72
25530	304.68
25540	304.68
25550	304.74
25560	304.81
25570	304.85
25580	304.91
25590	305.01
25600	305.05
25610	305.04
25620	305.07
25630	305.04
25640	305.07
25650	305.14
25660	305.16
25670	305.19
25680	305.25
25690	305.29
25700	305.28
25710	305.41
25720	305.47
25730	305.49
25740	305.49
25750	305.48
25760	305.49
25770	305.5
25780	305.56
25790	305.58
25800	305.57
25810	305.6
25820	305.65
25830	305.69
25840	305.69
25850	305.68
25860	305.72
25870	305.76
25880	305.77
25890	305.77
25900	305.71
25910	305.74
25920	305.78
25930	305.81
25940	305.87
25950	305.88
25960	305.87
25970	305.87
25980	305.89
25990	305.88
26000	305.9
26010	305.93
26020	305.9
26030	305.92
26040	305.92
26050	306.07
26060	306.1
26070	306.11
26080	306.19
26090	306.17
26100	306.14
26110	306.15
26120	306.18
26130	306.19
26140	306.16
26150	306.15
26160	306.19
26170	306.2
26180	306.21
26190	306.25
26200	306.27
26210	306.27
26220	306.31
26230	306.36
26240	306.46
26250	306.43
26260	306.45
26270	306.51
26280	306.5
26290	306.55
26300	306.59
26310	306.59
26320	306.65
26330	306.67
26340	306.73
26350	306.76
26360	306.85
26370	306.83
26380	306.86
26390	306.82
26400	306.83
26410	306.85
26420	306.9
26430	306.92
26440	306.97
26450	307.02
26460	307.05
26470	307.07
26480	307.07
26490	307.1
26500	307.23
26510	307.2
26520	307.22
26530	307.26
26540	307.2
26550	307.22
26560	307.29
26570	307.33
26580	307.36
26590	307.38
26600	307.45
26610	307.45
26620	307.49
26630	307.51
26640	307.56
26650	307.57
26660	307.59
26670	307.65
26680	307.71
26690	307.73
26700	307.8
26710	307.77
26720	307.77
26730	307.78
26740	307.82
26750	307.88
26760	307.94
26770	307.96
26780	307.93
26790	307.98
26800	308.06
26810	308.12
26820	308.15
26830	308.19
26840	308.2
26850	308.21
26860	308.27
26870	308.27
26880	308.31
26890	308.34
26900	308.34
26910	308.39
26920	308.4
26930	308.48
26940	308.47
26950	308.5
26960	308.5
26970	308.52
26980	308.5
26990	308.57
27000	308.61
27010	308.68
27020	308.72
27030	308.76
27040	308.78
27050	308.82
27060	308.87
27070	308.92
27080	308.97
27090	308.96
27100	308.99
27110	309.0
27120	309.04
27130	309.02
27140	309.08
27150	309.05
27160	309.05
27170	309.04
27180	309.07
27190	309.08
27200	309.13
27210	309.16
27220	309.19
27230	309.22
27240	309.23
27250	309.24
27260	309.23
27270	309.26
27280	309.27
27290	309.25
27300	309.24
27310	309.29
27320	309.32
27330	309.34
27340	309.35
27350	309.34
27360	309.4
27370	309.41
27380	309.39
27390	309.36
27400	309.4
27410	309.46
27420	309.53
27430	309.56
27440	309.58
27450	309.55
27460	309.57
27470	309.61
27480	309.62
27490	309.64
27500	309.7
27510	309.73
27520	309.82
27530	309.89
27540	309.92
27550	309.96
27560	309.94
27570	309.99
27580	310.04
27590	310.15
27600	310.13
27610	310.09
27620	310.13
27630	310.19
27640	310.16
27650	310.17
27660	310.21
27670	310.2
27680	310.2
27690	310.24
27700	310.28
27710	310.31
27720	310.34
27730	310.35
27740	310.36
27750	310.41
27760	310.45
27770	310.45
27780	310.41
27790	310.43
27800	310.48
27810	310.5
27820	310.49
27830	310.51
27840	310.55
27850	310.56
27860	310.58
27870	310.61
27880	310.59
27890	310.54
27900	310.59
27910	310.6
27920	310.64
27930	310.71
27940	310.73
27950	310.73
27960	310.74
27970	310.79
27980	310.78
27990	310.8
28000	310.84
28010	310.88
28020	310.89
28030	310.91
28040	310.89
28050	310.87
28060	310.83
28070	310.88
28080	310.89
28090	310.96
28100	310.98
28110	310.96
28120	310.98
28130	310.99
28140	310.99
28150	311.05
28160	311.06
28170	311.07
28180	311.05
28190	311.08
28200	311.15
28210	311.14
28220	311.13
28230	311.1
28240	311.17
28250	311.17
28260	311.19
28270	311.2
28280	311.12
28290	311.14
28300	311.17
28310	311.2
28320	311.25
28330	311.26
28340	311.21
28350	311.25
28360	311.23
28370	311.27
28380	311.32
28390	311.33
28400	311.32
28410	311.39
28420	311.42
28430	311.42
28440	311.4
28450	311.4
28460	311.41
28470	311.43
28480	311.43
28490	311.44
28500	311.48
28510	311.5
28520	311.56
28530	311.62
28540	311.61
28550	311.62
28560	311.69
28570	311.65
28580	311.65
28590	311.63
28600	311.68
28610	311.72
28620	311.7
28630	311.74
28640	311.8
28650	311.83
28660	311.87
28670	311.86
28680	311.84
28690	311.86
28700	311.97
28710	311.94
28720	311.95
28730	311.97
28740	312.02
28750	312.04
28760	312.09
28770	312.13
28780	312.17
28790	312.22
28800	312.22
28810	312.28
28820	312.28
28830	312.33
28840	312.36
28850	312.39
28860	312.47
28870	312.46
28880	312.49
28890	312.51
28900	312.53
28910	312.59
28920	312.55
28930	312.58
28940	312.68
28950	312.7
28960	312.69
28970	312.74
28980	312.74
28990	312.76
29000	312.76
29010	312.73
29020	312.8
29030	312.82
29040	312.89
29050	312.86
29060	312.9
29070	312.88
29080	312.89
29090	312.94
29100	312.97
29110	312.98
29120	313.01
29130	312.99
29140	313.02
29150	312.92
29160	312.95
29170	313.0
29180	313.07
29190	313.1
29200	313.16
29210	313.23
29220	313.21
29230	313.18
29240	313.17
29250	313.23
29260	313.26
29270	313.31
29280	313.36
29290	313.39
29300	313.43
29310	313.45
29320	313.44
29330	313.48
29340	313.53
29350	313.54
29360	313.54
29370	313.55
29380	313.61
29390	313.61
29400	313.65
29410	313.63
29420	313.62
29430	313.64
29440	313.63
29450	313.61
29460	313.67
29470	313.72
29480	313.81
29490	313.84
29500	313.87
29510	313.9
29520	313.95
29530	313.97
29540	314.0
29550	314.06
29560	314.07
29570	314.1
29580	314.12
29590	314.11
29600	314.15
29610	314.14
29620	314.21
29630	314.25
29640	314.26
29650	314.29
29660	314.32
29670	314.36
29680	314.36
29690	314.43
29700	314.44
29710	314.45
29720	314.49
29730	314.51
29740	314.58
29750	314.54
29760	314.56
29770	314.61
29780	314.63
29790	314.65
29800	314.72
29810	314.76
29820	314.7
29830	314.77
29840	314.77
29850	314.76
29860	314.8
29870	314.82
29880	314.78
29890	314.75
29900	314.82
29910	314.86
29920	314.77
29930	314.76
29940	314.8
29950	314.78
29960	314.74
29970	314.77
29980	314.79
29990	314.79
30000	314.85
30010	314.89
30020	314.99
30030	314.99
30040	315.0
30050	315.09
30060	315.09
30070	315.06
30080	315.12
30090	315.2
30100	315.18
30110	315.18
30120	315.26
30130	315.28
30140	315.34
30150	315.37
30160	315.39
30170	315.37
30180	315.37
30190	315.37
30200	315.49
30210	315.54
30220	315.5
30230	315.51
30240	315.61
30250	315.69
30260	315.73
30270	315.78
30280	315.87
30290	315.93
30300	315.89
30310	315.93
30320	316.01
30330	315.97
30340	316.02
30350	316.01
30360	316.07
30370	316.06
30380	316.02
30390	316.03
30400	316.08
30410	316.11
30420	316.09
30430	316.1
30440	316.13
30450	316.12
30460	316.09
30470	316.15
30480	316.16
30490	316.19
30500	316.17
30510	316.26
30520	316.29
30530	316.29
30540	316.36
30550	316.32
30560	316.38
30570	316.42
30580	316.46
30590	316.46
30600	316.54
30610	316.52
30620	316.54
30630	316.62
30640	316.64
30650	316.66
30660	316.62
30670	316.59
30680	316.61
30690	316.67
30700	316.71
30710	316.79
30720	316.82
30730	316.86
30740	316.91
30750	316.88
30760	316.88
30770	316.87
30780	316.96
30790	316.92
30800	317.01
30810	316.99
30820	317.06
30830	317.1
30840	317.15
30850	317.2
30860	317.19
30870	317.26
30880	317.33
30890	317.36
30900	317.36
30910	317.38
30920	317.41
30930	317.46
30940	317.51
30950	317.56
30960	317.53
30970	317.53
30980	317.55
30990	317.6
31000	317.62
31010	317.62
31020	317.63
31030	317.63
31040	317.68
31050	317.75
31060	317.76
31070	317.76
31080	317.73
31090	317.77
31100	317.71
31110	317.72
31120	317.74
31130	317.79
31140	317.82
31150	317.85
31160	317.84
31170	317.93
31180	317.96
31190	318.04
31200	318.08
31210	318.09
31220	318.09
31230	318.16
31240	318.12
31250	318.12
31260	318.14
31270	318.17
31280	318.25
31290	318.29
31300	318.33
31310	318.34
31320	318.32
31330	318.29
31340	318.35
31350	318.33
31360	318.37
31370	318.43
31380	318.47
31390	318.45
31400	318.44
31410	318.45
31420	318.47
31430	318.48
31440	318.59
31450	318.62
31460	318.58
31470	318.57
31480	318.53
31490	318.56
31500	318.57
31510	318.62
31520	318.58
31530	318.63
31540	318.66
31550	318.69
31560	318.75
31570	318.83
31580	318.89
31590	318.87
31600	318.9
31610	318.91
31620	318.93
31630	318.92
31640	318.94
31650	318.99
31660	319.04
31670	319.08
31680	319.11
31690	319.15
31700	319.17
31710	319.17
31720	319.22
31730	319.29
31740	319.28
31750	319.35
31760	319.42
31770	319.45
31780	319.49
31790	319.52
31800	319.54
31810	319.59
31820	319.64
31830	319.61
31840	319.67
31850	319.72
31860	319.76
31870	319.77
31880	319.75
31890	319.75
31900	319.8
31910	319.8
31920	319.79
31930	319.83
31940	319.88
31950	319.96
31960	320.09
31970	320.12
31980	320.14
31990	320.15
32000	320.16
32010	320.17
32020	320.23
32030	320.29
32040	320.34
32050	320.36
32060	320.41
32070	320.44
32080	320.52
32090	320.52
32100	320.54
32110	320.51
32120	320.6
32130	320.6
32140	320.71
32150	320.75
32160	320.78
32170	320.78
32180	320.77
32190	320.75
32200	320.83
32210	320.9
32220	320.91
32230	320.87
32240	320.89
32250	320.96
32260	320.96
32270	320.95
32280	320.98
32290	320.99
32300	320.99
32310	321.01
32320	321.03
32330	321.02
32340	321.06
32350	321.11
32360	321.15
32370	321.19
32380	321.24
32390	321.23
32400	321.26
32410	321.31
32420	321.39
32430	321.42
32440	321.46
32450	321.49
32460	321.51
32470	321.56
32480	321.61
32490	321.6
32500	321.56
32510	321.63
32520	321.71
32530	321.72
32540	321.8
32550	321.83
32560	321.87
32570	321.91
32580	321.88
32590	321.97
32600	321.97
32610	321.99
32620	322.03
32630	322.1
32640	322.12
32650	322.08
32660	322.17
32670	322.16
32680	322.17
32690	322.14
32700	322.16
32710	322.17
32720	322.18
32730	322.22
32740	322.26
32750	322.3
32760	322.33
32770	322.32
32780	322.4
32790	322.48
32800	322.5
32810	322.57
32820	322.6
32830	322.57
32840	322.59
32850	322.67
32860	322.78
32870	322.82
32880	322.78
32890	322.79
32900	322.8
32910	322.87
32920	322.91
32930	322.88
32940	322.89
32950	322.92
32960	322.95
32970	322.96
32980	322.98
32990	323.01
33000	323.05
33010	323.14
33020	323.15
33030	323.16
33040	323.2
33050	323.26
33060	323.27
33070	323.3
33080	323.26
33090	323.28
33100	323.3
33110	323.29
33120	323.33
33130	323.42
33140	323.43
33150	323.49
33160	323.52
33170	323.53
33180	323.55
33190	323.6
33200	323.59
33210	323.61
33220	323.66
33230	323.67
33240	323.72
33250	323.71
33260	323.7
33270	323.79
33280	323.79
33290	323.86
33300	323.83
33310	323.85
33320	323.83
33330	323.86
33340	323.89
33350	323.9
33360	323.96
33370	323.93
33380	323.95
33390	323.96
33400	323.97
33410	323.96
33420	323.96
33430	323.94
33440	324.04
33450	324.05
33460	324.06
33470	324.08
33480	324.16
33490	324.2
33500	324.23
33510	324.26
33520	324.28
33530	324.26
33540	324.28
33550	324.28
33560	324.21
33570	324.24
33580	324.36
33590	324.38
33600	324.44
33610	324.54
33620	324.55
33630	324.65
33640	324.75
33650	324.79
33660	324.79
33670	324.82
33680	324.83
33690	324.84
33700	324.86
33710	324.88
33720	324.84
33730	324.83
33740	324.9
33750	324.91
33760	324.94
33770	324.97
33780	324.98
33790	325.0
33800	325.02
33810	325.07
33820	325.11
33830	325.08
33840	325.15
33850	325.18
33860	325.16
33870	325.22
33880	325.25
33890	325.28
33900	325.33
33910	325.36
33920	325.5
33930	325.52
33940	325.58
33950	325.61
33960	325.59
33970	325.66
33980	325.65
33990	325.63
34000	325.65
34010	325.61
34020	325.66
34030	325.68
34040	325.66
34050	325.73
34060	325.78
34070	325.84
34080	325.83
34090	325.86
34100	325.9
34110	325.94
34120	326.0
34130	326.02
34140	326.09
34150	326.13
34160	326.12
34170	326.25
34180	326.25
34190	326.22
34200	326.24
34210	326.26
34220	326.3
34230	326.29
34240	326.29
34250	326.37
34260	326.33
34270	326.38
34280	326.4
34290	326.44
34300	326.48
34310	326.54
34320	326.54
34330	326.56
34340	326.52
34350	326.55
34360	326.62
34370	326.64
34380	326.67
34390	326.69
34400	326.65
34410	326.73
34420	326.8
34430	326.87
34440	326.91
34450	326.94
34460	326.97
34470	327.0
34480	327.01
34490	327.06
34500	327.12
34510	327.15
34520	327.17
34530	327.15
34540	327.19
34550	327.21
34560	327.19
34570	327.19
34580	327.26
34590	327.25
34600	327.26
34610	327.31
34620	327.36
34630	327.38
34640	327.38
34650	327.39
34660	327.43
34670	327.43
34680	327.45
34690	327.5
34700	327.51
34710	327.48
34720	327.46
34730	327.44
34740	327.47
34750	327.56
34760	327.58
34770	327.66
34780	327.73
34790	327.74
34800	327.76
34810	327.81
34820	327.79
34830	327.77
34840	327.8
34850	327.87
34860	327.9
34870	327.9
34880	327.93
34890	327.97
34900	327.92
34910	327.92
34920	327.95
34930	327.85
34940	327.86
34950	327.88
34960	327.96
34970	327.96
34980	328.0
34990	328.01
35000	327.99
35010	328.04
35020	328.08
35030	328.09
35040	328.11
35050	328.14
35060	328.15
35070	328.2
35080	328.2
35090	328.2
35100	328.21
35110	328.25
35120	328.31
35130	328.41
35140	328.39
35150	328.42
35160	328.46
35170	328.53
35180	328.53
35190	328.54
35200	328.58
35210	328.62
35220	328.63
35230	328.65
35240	328.63
35250	328.71
35260	328.68
35270	328.74
35280	328.76
35290	328.76
35300	328.72
35310	328.69
35320	328.74
35330	328.76
35340	328.8
35350	328.82
35360	328.84
35370	328.85
35380	328.95
35390	329.01
35400	329.0
35410	329.06
35420	329.13
35430	329.19
35440	329.26
35450	329.26
35460	329.35
35470	329.37
35480	329.44
35490	329.42
35500	329.43
35510	329.44
35520	329.46
35530	329.44
35540	329.48
35550	329.54
35560	329.58
35570	329.62
35580	329.67
35590	329.69
35600	329.7
35610	329.71
35620	329.71
35630	329.73
35640	329.73
35650	329.76
35660	329.74
35670	329.79
35680	329.84
35690	329.87
35700	329.83
35710	329.89
35720	329.91
35730	329.99
35740	330.04
35750	330.03
35760	330.09
35770	330.16
35780	330.14
35790	330.16
35800	330.22
35810	330.25
35820	330.28
35830	330.27
35840	330.28
35850	330.35
35860	330.36
35870	330.4
35880	330.38
35890	330.45
35900	330.47
35910	330.54
35920	330.57
35930	330.59
35940	330.68
35950	330.69
35960	330.74
35970	330.75
35980	330.75
35990	330.75
36000	330.76
36010	330.81
36020	330.83
36030	330.89
36040	330.95
36050	330.94
36060	330.91
36070	330.89
36080	330.97
36090	330.92
36100	330.96
36110	330.98
36120	331.03
36130	331.05
36140	331.04
36150	331.09
36160	331.09
36170	331.1
36180	331.12
36190	331.17
36200	331.25
36210	331.32
36220	331.36
36230	331.41
36240	331.38
36250	331.35
36260	331.4
36270	331.45
36280	331.53
36290	331.55
36300	331.58
36310	331.56
36320	331.56
36330	331.62
36340	331.64
36350	331.65
36360	331.62
36370	331.66
36380	331.77
36390	331.78
36400	331.81
36410	331.88
36420	331.87
36430	331.9
36440	331.91
36450	331.91
36460	331.93
36470	331.94
36480	331.98
36490	331.99
36500	331.99
36510	331.99
36520	332.0
36530	332.01
36540	332.02
36550	332.01
36560	331.99
36570	332.01
36580	332.03
36590	332.07
36600	332.06
36610	332.06
36620	332.15
36630	332.15
36640	332.19
36650	332.24
36660	332.25
36670	332.24
36680	332.22
36690	332.27
36700	332.29
36710	332.27
36720	332.31
36730	332.32
36740	332.31
36750	332.37
36760	332.4
36770	332.42
36780	332.39
36790	332.38
36800	332.44
36810	332.55
36820	332.61
36830	332.72
36840	332.73
36850	332.79
36860	332.87
36870	332.86
36880	332.93
36890	332.92
36900	332.96
36910	332.98
36920	332.95
36930	332.97
36940	332.96
36950	332.92
36960	332.96
36970	332.95
36980	332.99
36990	332.99
37000	333.06
37010	333.09
37020	333.1
37030	333.07
37040	333.09
37050	333.09
37060	333.13
37070	333.18
37080	333.21
37090	333.3
37100	333.34
37110	333.37
37120	333.33
37130	333.39
37140	333.42
37150	333.45
37160	333.48
37170	333.53
37180	333.55
37190	333.57
37200	333.58
37210	333.58
37220	333.59
37230	333.61
37240	333.67
37250	333.69
37260	333.68
37270	333.7
37280	333.7
37290	333.71
37300	333.72
37310	333.78
37320	333.77
37330	333.8
37340	333.79
37350	333.77
37360	333.79
37370	333.83
37380	333.9
37390	333.95
37400	333.93
37410	333.97
37420	333.94
37430	333.99
37440	334.0
37450	334.1
37460	334.16
37470	334.11
37480	334.13
37490	334.14
37500	334.18
37510	334.16
37520	334.09
37530	334.11
37540	334.16
37550	334.16
37560	334.17
37570	334.21
37580	334.21
37590	334.26
37600	334.28
37610	334.27
37620	334.26
37630	334.33
37640	334.37
37650	334.39
37660	334.38
37670	334.49
37680	334.52
37690	334.57
37700	334.63
37710	334.65
37720	334.63
37730	334.7
37740	334.78
37750	334.83
37760	334.84
37770	334.83
37780	334.84
37790	334.87
37800	334.9
37810	334.94
37820	335.0
37830	335.04
37840	335.08
37850	335.07
37860	335.12
37870	335.13
37880	335.13
37890	335.14
37900	335.14
37910	335.17
37920	335.23
37930	335.23
37940	335.25
37950	335.28
37960	335.3
37970	335.37
37980	335.44
37990	335.43
38000	335.41
38010	335.41
38020	335.47
38030	335.52
38040	335.52
38050	335.52
38060	335.52
38070	335.58
38080	335.62
38090	335.68
38100	335.76
38110	335.74
38120	335.78
38130	335.78
38140	335.74
38150	335.76
38160	335.81
38170	335.87
38180	335.91
38190	335.94
38200	335.98
38210	335.99
38220	336.01
38230	336.06
38240	336.07
38250	336.14
38260	336.17
38270	336.25
38280	336.26
38290	336.26
38300	336.28
38310	336.35
38320	336.39
38330	336.36
38340	336.41
38350	336.44
38360	336.45
38370	336.45
38380	336.45
38390	336.45
38400	336.45
38410	336.51
38420	336.5
38430	336.53
38440	336.55
38450	336.53
38460	336.67
38470	336.66
38480	336.71
38490	336.75
38500	336.78
38510	336.77
38520	336.8
38530	336.78
38540	336.84
38550	336.87
38560	336.91
38570	336.99
38580	337.01
38590	337.06
38600	337.08
38610	337.06
38620	337.11
38630	337.18
38640	337.19
38650	337.27
38660	337.34
38670	337.36
38680	337.36
38690	337.35
38700	337.37
38710	337.37
38720	337.35
38730	337.36
38740	337.36
38750	337.31
38760	337.4
38770	337.4
38780	337.41
38790	337.47
38800	337.57
38810	337.66
38820	337.66
38830	337.74
38840	337.75
38850	337.79
38860	337.82
38870	337.86
38880	337.87
38890	337.87
38900	337.85
38910	337.86
38920	337.84
38930	337.91
38940	337.87
38950	337.89
38960	337.92
38970	337.94
38980	338.0
38990	338.04
39000	338.05
39010	338.07
39020	338.08
39030	338.09
39040	338.15
39050	338.11
39060	338.15
39070	338.22
39080	338.27
39090	338.28
39100	338.32
39110	338.33
39120	338.35
39130	338.36
39140	338.37
39150	338.45
39160	338.41
39170	338.43
39180	338.46
39190	338.54
39200	338.57
39210	338.61
39220	338.66
39230	338.69
39240	338.71
39250	338.65
39260	338.68
39270	338.71
39280	338.72
39290	338.73
39300	338.73
39310	338.73
39320	338.71
39330	338.74
39340	338.79
39350	338.79
39360	338.76
39370	338.83
39380	338.89
39390	338.91
39400	338.89
39410	338.96
39420	339.07
39430	339.07
39440	339.16
39450	339.17
39460	339.26
39470	339.22
39480	339.26
39490	339.25
39500	339.29
39510	339.29
39520	339.22
39530	339.22
39540	339.24
39550	339.31
39560	339.31
39570	339.35
39580	339.36
39590	339.35
39600	339.39
39610	339.41
39620	339.49
39630	339.48
39640	339.48
39650	339.44
39660	339.46
39670	339.52
39680	339.53
39690	339.57
39700	339.58
39710	339.61
39720	339.61
39730	339.61
39740	339.64
39750	339.71
39760	339.75
39770	339.79
39780	339.79
39790	339.84
39800	339.79
39810	339.84
39820	339.89
39830	339.91
39840	339.96
39850	339.95
39860	339.97
39870	340.0
39880	339.95
39890	339.99
39900	340.04
39910	340.04
39920	340.06
39930	340.06
39940	340.12
39950	340.12
39960	340.13
39970	340.18
39980	340.24
39990	340.22
40000	340.23
40010	340.23
40020	340.28
40030	340.32
40040	340.34
40050	340.34
40060	340.33
40070	340.4
40080	340.42
40090	340.4
40100	340.43
40110	340.44
40120	340.45
40130	340.49
40140	340.5
40150	340.55
40160	340.56
40170	340.59
40180	340.62
40190	340.7
40200	340.73
40210	340.78
40220	340.8
40230	340.83
40240	340.93
40250	340.96
40260	340.99
40270	341.02
40280	341.05
40290	341.08
40300	341.09
40310	341.09
40320	341.09
40330	341.1
40340	341.14
40350	341.17
40360	341.16
40370	341.15
40380	341.18
40390	341.27
40400	341.35
40410	341.39
40420	341.38
40430	341.48
40440	341.49
40450	341.54
40460	341.56
40470	341.56
40480	341.57
40490	341.57
40500	341.59
40510	341.57
40520	341.62
40530	341.63
40540	341.67
40550	341.65
40560	341.67
40570	341.72
40580	341.74
40590	341.73
40600	341.76
40610	341.85
40620	341.9
40630	341.91
40640	341.98
40650	342.02
40660	342.03
40670	342.03
40680	342.0
40690	341.98
40700	342.06
40710	342.07
40720	342.17
40730	342.24
40740	342.25
40750	342.3
40760	342.33
40770	342.35
40780	342.47
40790	342.52
40800	342.55
40810	342.61
40820	342.61
40830	342.66
40840	342.67
40850	342.73
40860	342.77
40870	342.78
40880	342.81
40890	342.8
40900	342.89
40910	342.93
40920	342.95
40930	343.03
40940	343.04
40950	343.07
40960	343.19
40970	343.23
40980	343.24
40990	343.24
41000	343.24
41010	343.33
41020	343.3
41030	343.33
41040	343.35
41050	343.41
41060	343.44
41070	343.45
41080	343.46
41090	343.47
41100	343.51
41110	343.59
41120	343.61
41130	343.64
41140	343.62
41150	343.67
41160	343.66
41170	343.69
41180	343.73
41190	343.8
41200	343.76
41210	343.79
41220	343.79
41230	343.76
41240	343.8
41250	343.88
41260	343.94
41270	343.98
41280	343.97
41290	344.02
41300	344.06
41310	344.07
41320	344.08
41330	344.14
41340	344.15
41350	344.13
41360	344.05
41370	344.07
41380	344.09
41390	344.21
41400	344.19
41410	344.19
41420	344.16
41430	344.2
41440	344.14
41450	344.24
41460	344.21
41470	344.27
41480	344.29
41490	344.29
41500	344.31
41510	344.32
41520	344.34
41530	344.43
41540	344.42
41550	344.43
41560	344.42
41570	344.43
41580	344.5
41590	344.52
41600	344.56
41610	344.63
41620	344.65
41630	344.69
41640	344.69
41650	344.7
41660	344.73
41670	344.76
41680	344.8
41690	344.89
41700	344.92
41710	345.0
41720	345.0
41730	345.04
41740	345.05
41750	345.03
41760	345.06
41770	345.06
41780	345.07
41790	345.15
41800	345.12
41810	345.13
41820	345.17
41830	345.17
41840	345.23
41850	345.2
41860	345.19
41870	345.25
41880	345.26
41890	345.29
41900	345.33
41910	345.33
41920	345.31
41930	345.41
41940	345.42
41950	345.42
41960	345.45
41970	345.47
41980	345.5
41990	345.49
42000	345.5
42010	345.55
42020	345.56
42030	345.58
42040	345.6
42050	345.67
42060	345.72
42070	345.72
42080	345.76
42090	345.8
42100	345.81
42110	345.81
42120	345.87
42130	345.93
42140	345.92
42150	345.91
42160	345.99
42170	346.02
42180	346.03
42190	346.03
42200	346.0
42210	346.07
42220	346.08
42230	346.03
42240	346.05
42250	346.05
42260	346.13
42270	346.17
42280	346.25
42290	346.25
42300	346.26
42310	346.3
42320	346.35
42330	346.36
42340	346.41
42350	346.48
42360	346.49
42370	346.49
42380	346.52
42390	346.53
42400	346.61
42410	346.69
42420	346.66
42430	346.7
42440	346.74
42450	346.69
42460	346.69
42470	346.71
42480	346.76
42490	346.75
42500	346.81
42510	346.81
42520	346.83
42530	346.86
42540	346.9
42550	346.89
42560	346.95
42570	346.97
42580	347.01
42590	347.07
42600	347.11
42610	347.16
42620	347.18
42630	347.23
42640	347.24
42650	347.28
42660	347.36
42670	347.37
42680	347.41
42690	347.41
42700	347.39
42710	347.48
42720	347.56
42730	347.57
42740	347.55
42750	347.55
42760	347.56
42770	347.63
42780	347.67
42790	347.72
42800	347.78
42810	347.77
42820	347.81
42830	347.86
42840	347.87
42850	347.91
42860	347.98
42870	347.97
42880	347.99
42890	348.08
42900	348.06
42910	348.07
42920	348.13
42930	348.12
42940	348.13
42950	348.18
42960	348.26
42970	348.31
42980	348.31
42990	348.34
43000	348.32
43010	348.31
43020	348.27
43030	348.3
43040	348.33
43050	348.47
43060	348.48
43070	348.45
43080	348.48
43090	348.49
43100	348.48
43110	348.48
43120	348.49
43130	348.53
43140	348.51
43150	348.54
43160	348.64
43170	348.64
43180	348.67
43190	348.69
43200	348.73
43210	348.73
43220	348.74
43230	348.78
43240	348.8
43250	348.79
43260	348.85
43270	348.87
43280	348.87
43290	348.91
43300	349.0
43310	349.05
43320	349.06
43330	349.03
43340	349.04
43350	349.08
43360	349.11
43370	349.08
43380	349.12
43390	349.1
43400	349.12
43410	349.16
43420	349.23
43430	349.29
43440	349.35
43450	349.36
43460	349.32
43470	349.31
43480	349.32
43490	349.31
43500	349.36
43510	349.42
43520	349.41
43530	349.43
43540	349.43
43550	349.44
43560	349.46
43570	349.47
43580	349.54
43590	349.54
43600	349.53
43610	349.56
43620	349.62
43630	349.64
43640	349.7
43650	349.72
43660	349.73
43670	349.81
43680	349.81
43690	349.8
43700	349.82
43710	349.85
43720	349.85
43730	349.87
43740	349.91
43750	349.97
43760	350.0
43770	350.01
43780	350.04
43790	350.06
43800	350.07
43810	350.06
43820	350.09
43830	350.08
43840	350.06
43850	350.09
43860	350.02
43870	350.06
43880	350.12
43890	350.19
43900	350.18
43910	350.18
43920	350.23
43930	350.23
43940	350.22
43950	350.26
43960	350.26
43970	350.23
43980	350.22
43990	350.23
44000	350.28
44010	350.23
44020	350.27
44030	350.3
44040	350.31
44050	350.33
44060	350.38
44070	350.42
44080	350.46
44090	350.48
44100	350.49
44110	350.5
44120	350.53
44130	350.58
44140	350.63
44150	350.62
44160	350.63
44170	350.64
44180	350.67
44190	350.7
44200	350.73
44210	350.81
44220	350.82
44230	350.82
44240	350.84
44250	350.85
44260	350.87
44270	350.84
44280	350.87
44290	350.86
44300	350.83
44310	350.89
44320	350.93
44330	350.97
44340	350.96
44350	350.93
44360	350.98
44370	350.95
44380	351.01
44390	351.05
44400	351.0
44410	351.05
44420	351.09
44430	351.09
44440	351.14
44450	351.12
44460	351.14
44470	351.17
44480	351.2
44490	351.18
44500	351.19
44510	351.2
44520	351.21
44530	351.13
44540	351.15
44550	351.25
44560	351.27
44570	351.32
44580	351.36
44590	351.41
44600	351.48
44610	351.51
44620	351.53
44630	351.6
44640	351.61
44650	351.64
44660	351.69
44670	351.66
44680	351.67
44690	351.74
44700	351.69
44710	351.71
44720	351.75
44730	351.78
44740	351.82
44750	351.79
44760	351.79
44770	351.84
44780	351.85
44790	351.89
44800	351.89
44810	351.9
44820	351.96
44830	352.0
44840	352.04
44850	352.03
44860	352.05
44870	352.09
44880	352.14
44890	352.23
44900	352.28
44910	352.26
44920	352.24
44930	352.24
44940	352.3
44950	352.3
44960	352.35
44970	352.32
44980	352.39
44990	352.41
45000	352.46
45010	352.51
45020	352.55
45030	352.56
45040	352.65
45050	352.62
45060	352.63
45070	352.66
45080	352.66
45090	352.7
45100	352.65
45110	352.66
45120	352.63
45130	352.66
45140	352.7
45150	352.67
45160	352.66
45170	352.68
45180	352.7
45190	352.79
45200	352.78
45210	352.77
45220	352.84
45230	352.84
45240	352.91
45250	352.92
45260	352.92
45270	352.93
45280	352.94
45290	352.95
45300	352.96
45310	353.03
45320	353.1
45330	353.07
45340	353.13
45350	353.13
45360	353.13
45370	353.14
45380	353.17
45390	353.23
45400	353.24
45410	353.25
45420	353.33
45430	353.36
45440	353.36
45450	353.36
45460	353.36
45470	353.38
45480	353.41
45490	353.41
45500	353.48
45510	353.53
45520	353.56
45530	353.62
45540	353.65
45550	353.64
45560	353.65
45570	353.72
45580	353.76
45590	353.82
45600	353.86
45610	353.91
45620	353.98
45630	354.03
45640	354.03
45650	354.13
45660	354.14
45670	354.15
45680	354.12
45690	354.16
45700	354.19
45710	354.16
45720	354.16
45730	354.21
45740	354.26
45750	354.23
45760	354.28
45770	354.28
45780	354.32
45790	354.33
45800	354.38
45810	354.4
45820	354.38
45830	354.37
45840	354.41
45850	354.42
45860	354.4
45870	354.42
45880	354.47
45890	354.5
45900	354.57
45910	354.64
45920	354.66
45930	354.73
45940	354.75
45950	354.79
45960	354.77
45970	354.81
45980	354.87
45990	354.82
46000	354.85
46010	354.87
46020	354.87
46030	354.9
46040	354.94
46050	354.92
46060	354.87
46070	354.89
46080	354.84
46090	354.92
46100	354.97
46110	355.08
46120	355.08
46130	355.09
46140	355.15
46150	355.18
46160	355.2
46170	355.23
46180	355.32
46190	355.31
46200	355.29
46210	355.29
46220	355.35
46230	355.35
46240	355.38
46250	355.4
46260	355.44
46270	355.44
46280	355.54
46290	355.5
46300	355.51
46310	355.46
46320	355.48
46330	355.5
46340	355.44
46350	355.54
46360	355.51
46370	355.52
46380	355.5
46390	355.56
46400	355.61
46410	355.68
46420	355.75
46430	355.76
46440	355.79
46450	355.84
46460	355.8
46470	355.92
46480	355.92
46490	355.96
46500	356.03
46510	356.12
46520	356.21
46530	356.25
46540	356.25
46550	356.25
46560	356.26
46570	356.25
46580	356.22
46590	356.22
46600	356.29
46610	356.35
46620	356.38
46630	356.45
46640	356.51
46650	356.53
46660	356.57
46670	356.59
46680	356.61
46690	356.62
46700	356.63
46710	356.61
46720	356.6
46730	356.66
46740	356.67
46750	356.74
46760	356.74
46770	356.81
46780	356.89
46790	356.95
46800	356.9
46810	356.94
46820	356.98
46830	356.98
46840	357.02
46850	357.07
46860	357.16
46870	357.17
46880	357.19
46890	357.18
46900	357.17
46910	357.19
46920	357.2
46930	357.24
46940	357.22
46950	357.24
46960	357.27
46970	357.36
46980	357.42
46990	357.47
47000	357.51
47010	357.56
47020	357.57
47030	357.56
47040	357.57
47050	357.59
47060	357.66
47070	357.74
47080	357.79
47090	357.86
47100	357.89
47110	357.95
47120	357.96
47130	357.96
47140	358.0
47150	358.01
47160	358.04
47170	358.1
47180	358.12
47190	358.11
47200	358.16
47210	358.18
47220	358.24
47230	358.29
47240	358.32
47250	358.35
47260	358.4
47270	358.44
47280	358.4
47290	358.44
47300	358.47
47310	358.43
47320	358.43
47330	358.54
47340	358.54
47350	358.53
47360	358.57
47370	358.57
47380	358.51
47390	358.51
47400	358.57
47410	358.62
47420	358.68
47430	358.63
47440	358.67
47450	358.67
47460	358.72
47470	358.68
47480	358.73
47490	358.74
47500	358.76
47510	358.78
47520	358.78
47530	358.76
47540	358.77
47550	358.81
47560	358.81
47570	358.87
47580	358.88
47590	358.87
47600	358.9
47610	358.89
47620	358.84
47630	358.89
47640	358.84
47650	358.85
47660	358.82
47670	358.85
47680	358.91
47690	358.95
47700	359.05
47710	359.08
47720	359.14
47730	359.13
47740	359.23
47750	359.26
47760	359.25
47770	359.28
47780	359.28
47790	359.28
47800	359.29
47810	359.38
47820	359.29
47830	359.28
47840	359.27
47850	359.27
47860	359.3
47870	359.34
47880	359.33
47890	359.37
47900	359.46
47910	359.5
47920	359.5
47930	359.49
47940	359.44
47950	359.46
47960	359.51
47970	359.57
47980	359.61
47990	359.6
48000	359.63
48010	359.6
48020	359.61
48030	359.61
48040	359.6
48050	359.6
48060	359.68
48070	359.72
48080	359.67
48090	359.69
48100	359.68
48110	359.71
48120	359.8
48130	359.86
48140	359.91
48150	359.96
48160	359.95
48170	360.0
48180	360.05
48190	360.06
48200	360.08
48210	360.2
48220	360.18
48230	360.21
48240	360.27
48250	360.29
48260	360.26
48270	360.29
48280	360.31
48290	360.26
48300	360.32
48310	360.35
48320	360.4
48330	360.42
48340	360.49
48350	360.5
48360	360.48
48370	360.5
48380	360.52
48390	360.53
48400	360.54
48410	360.54
48420	360.53
48430	360.53
48440	360.53
48450	360.47
48460	360.55
48470	360.56
48480	360.57
48490	360.52
48500	360.54
48510	360.65
48520	360.65
48530	360.68
48540	360.74
48550	360.75
48560	360.77
48570	360.79
48580	360.79
48590	360.85
48600	360.91
48610	360.94
48620	360.98
48630	360.95
48640	360.99
48650	361.0
48660	361.1
48670	361.12
48680	361.15
48690	361.12
48700	361.12
48710	361.1
48720	361.16
48730	361.2
48740	361.29
48750	361.3
48760	361.32
48770	361.35
48780	361.36
48790	361.36
48800	361.33
48810	361.36
48820	361.43
48830	361.47
48840	361.47
48850	361.51
48860	361.58
48870	361.6
48880	361.69
48890	361.72
48900	361.73
48910	361.69
48920	361.74
48930	361.76
48940	361.8
48950	361.84
48960	361.93
48970	362.0
48980	362.05
48990	362.04
49000	362.03
49010	362.07
49020	362.03
49030	362.09
49040	362.14
49050	362.2
49060	362.19
49070	362.2
49080	362.26
49090	362.28
49100	362.38
49110	362.38
49120	362.41
49130	362.45
49140	362.5
49150	362.55
49160	362.58
49170	362.59
49180	362.66
49190	362.68
49200	362.74
49210	362.79
49220	362.81
49230	362.83
49240	362.86
49250	362.9
49260	362.96
49270	362.98
49280	362.94
49290	362.91
49300	362.98
49310	363.02
49320	363.08
49330	363.1
49340	363.16
49350	363.2
49360	363.21
49370	363.2
49380	363.25
49390	363.28
49400	363.3
49410	363.38
49420	363.42
49430	363.44
49440	363.4
49450	363.43
49460	363.43
49470	363.52
49480	363.49
49490	363.49
49500	363.53
49510	363.53
49520	363.51
49530	363.55
49540	363.59
49550	363.59
49560	363.66
49570	363.63
49580	363.66
49590	363.71
49600	363.72
49610	363.76
49620	363.79
49630	363.82
49640	363.84
49650	363.82
49660	363.87
49670	363.87
49680	363.89
49690	363.92
49700	363.89
49710	363.9
49720	363.93
49730	363.92
49740	363.96
49750	364.04
49760	364.1
49770	364.1
49780	364.09
49790	364.08
49800	364.15
49810	364.12
49820	364.22
49830	364.22
49840	364.17
49850	364.2
49860	364.2
49870	364.19
49880	364.27
49890	364.27
49900	364.28
49910	364.34
49920	364.33
49930	364.36
49940	364.39
49950	364.37
49960	364.49
49970	364.47
49980	364.51
49990	364.54
50000	364.55
50010	364.59
50020	364.61
50030	364.65
50040	364.7
50050	364.71
50060	364.72
50070	364.74
50080	364.77
50090	364.81
50100	364.85
50110	364.86
50120	364.89
50130	364.88
50140	364.89
50150	364.93
50160	364.91
50170	364.93
50180	364.98
50190	365.0
50200	365.02
50210	365.07
50220	365.1
50230	365.1
50240	365.05
50250	365.09
50260	365.09
50270	365.07
50280	365.09
50290	365.16
50300	365.2
50310	365.22
50320	365.24
50330	365.35
50340	365.38
50350	365.4
50360	365.43
50370	365.55
50380	365.65
50390	365.71
50400	365.73
50410	365.76
50420	365.8
50430	365.83
50440	365.85
50450	365.88
50460	365.84
50470	365.89
50480	365.89
50490	365.92
50500	366.0
50510	366.01
50520	366.03
50530	366.06
50540	366.11
50550	366.1
50560	366.13
50570	366.13
50580	366.11
50590	366.09
50600	366.11
50610	366.12
50620	366.14
50630	366.14
50640	366.18
50650	366.19
50660	366.18
50670	366.23
50680	366.31
50690	366.32
50700	366.36
50710	366.34
50720	366.35
50730	366.31
50740	366.33
50750	366.35
50760	366.33
50770	366.37
50780	366.38
50790	366.38
50800	366.33
50810	366.36
50820	366.34
50830	366.35
50840	366.38
50850	366.46
50860	366.53
50870	366.58
50880	366.59
50890	366.62
50900	366.72
50910	366.84
50920	366.84
50930	366.89
50940	366.92
50950	366.92
50960	366.98
50970	366.97
50980	367.0
50990	367.07
51000	367.09
51010	367.13
51020	367.17
51030	367.13
51040	367.13
51050	367.18
51060	367.2
51070	367.18
51080	367.19
51090	367.17
51100	367.17
51110	367.17
51120	367.2
51130	367.21
51140	367.26
51150	367.21
51160	367.22
51170	367.2
51180	367.23
51190	367.29
51200	367.35
51210	367.36
51220	367.34
51230	367.37
51240	367.44
51250	367.41
51260	367.49
51270	367.49
51280	367.53
51290	367.54
51300	367.54
51310	367.58
51320	367.68
51330	367.67
51340	367.61
51350	367.62
51360	367.66
51370	367.72
51380	367.74
51390	367.77
51400	367.79
51410	367.79
51420	367.8
51430	367.79
51440	367.84
51450	367.84
51460	367.9
51470	367.94
51480	368.01
51490	368.04
51500	368.04
51510	368.08
51520	368.16
51530	368.2
51540	368.25
51550	368.27
51560	368.3
51570	368.34
51580	368.35
51590	368.41
51600	368.37
51610	368.41
51620	368.48
51630	368.5
51640	368.53
51650	368.5
51660	368.49
51670	368.49
51680	368.53
51690	368.53
51700	368.56
51710	368.55
51720	368.57
51730	368.58
51740	368.61
51750	368.66
51760	368.67
51770	368.67
51780	368.61
51790	368.61
51800	368.68
51810	368.68
51820	368.73
51830	368.71
51840	368.71
51850	368.68
51860	368.74
51870	368.75
51880	368.76
51890	368.76
51900	368.79
51910	368.76
51920	368.81
51930	368.87
51940	368.89
51950	368.96
51960	369.03
51970	369.03
51980	369.02
51990	369.06
52000	369.08
52010	369.13
52020	369.11
52030	369.12
52040	369.19
52050	369.27
52060	369.34
52070	369.34
52080	369.34
52090	369.36
52100	369.38
52110	369.41
52120	369.43
52130	369.44
52140	369.46
52150	369.5
52160	369.55
52170	369.6
52180	369.61
52190	369.6
52200	369.69
52210	369.7
52220	369.64
52230	369.64
52240	369.72
52250	369.73
52260	369.72
52270	369.74
52280	369.77
52290	369.73
52300	369.71
52310	369.65
52320	369.65
52330	369.72
52340	369.75
52350	369.77
52360	369.81
52370	369.91
52380	369.93
52390	369.95
52400	369.96
52410	369.95
52420	369.99
52430	370.06
52440	370.08
52450	370.08
52460	370.13
52470	370.25
52480	370.25
52490	370.29
52500	370.28
52510	370.27
52520	370.26
52530	370.29
52540	370.34
52550	370.31
52560	370.37
52570	370.41
52580	370.43
52590	370.43
52600	370.48
52610	370.55
52620	370.61
52630	370.61
52640	370.69
52650	370.77
52660	370.84
52670	370.83
52680	370.86
52690	370.85
52700	370.85
52710	370.88
52720	370.91
52730	371.02
52740	371.07
52750	371.05
52760	371.01
52770	371.03
52780	370.98
52790	371.02
52800	371.04
52810	371.01
52820	371.01
52830	371.06
52840	371.1
52850	371.12
52860	371.12
52870	371.08
52880	371.14
52890	371.18
52900	371.18
52910	371.22
52920	371.2
52930	371.24
52940	371.24
52950	371.34
52960	371.38
52970	371.46
52980	371.5
52990	371.56
53000	371.58
53010	371.7
53020	371.71
53030	371.68
53040	371.73
53050	371.79
53060	371.75
53070	371.76
53080	371.87
53090	371.88
53100	371.88
53110	371.89
53120	371.87
53130	371.98
53140	371.96
53150	371.98
53160	372.04
53170	372.08
53180	372.13
53190	372.12
53200	372.18
53210	372.1
53220	372.12
53230	372.19
53240	372.14
53250	372.11
53260	372.09
53270	372.11
53280	372.18
53290	372.18
53300	372.17
53310	372.21
53320	372.25
53330	372.26
53340	372.29
53350	372.35
53360	372.41
53370	372.45
53380	372.5
53390	372.51
53400	372.53
53410	372.6
53420	372.65
53430	372.74
53440	372.77
53450	372.85
53460	372.85
53470	372.9
53480	373.0
53490	372.97
53500	372.98
53510	373.0
53520	373.05
53530	373.08
53540	373.08
53550	373.07
53560	373.13
53570	373.14
53580	373.2
53590	373.17
53600	373.21
53610	373.17
53620	373.22
53630	373.25
53640	373.24
53650	373.25
53660	373.24
53670	373.27
53680	373.36
53690	373.45
53700	373.5
53710	373.54
53720	373.51
53730	373.54
53740	373.6
53750	373.6
53760	373.63
53770	373.62
53780	373.64
53790	373.64
53800	373.65
53810	373.63
53820	373.63
53830	373.62
53840	373.63
53850	373.64
53860	373.72
53870	373.77
53880	373.79
53890	373.83
53900	373.9
53910	373.92
53920	373.91
53930	373.98
53940	374.04
53950	374.08
53960	374.19
53970	374.2
53980	374.21
53990	374.19
54000	374.18
54010	374.16
54020	374.2
54030	374.17
54040	374.19
54050	374.16
54060	374.14
54070	374.2
54080	374.18
54090	374.23
54100	374.25
54110	374.24
54120	374.23
54130	374.23
54140	374.24
54150	374.28
54160	374.32
54170	374.39
54180	374.42
54190	374.4
54200	374.43
54210	374.49
54220	374.48
54230	374.51
54240	374.55
54250	374.58
54260	374.68
54270	374.68
54280	374.8
54290	374.78
54300	374.79
54310	374.83
54320	374.85
54330	374.94
54340	374.92
54350	374.96
54360	374.95
54370	374.98
54380	375.06
54390	375.09
54400	375.15
54410	375.25
54420	375.29
54430	375.33
54440	375.37
54450	375.37
54460	375.37
54470	375.42
54480	375.42
54490	375.46
54500	375.48
54510	375.54
54520	375.6
54530	375.65
54540	375.65
54550	375.7
54560	375.75
54570	375.76
54580	375.8
54590	375.81
54600	375.91
54610	375.88
54620	375.92
54630	375.9
54640	375.88
54650	375.85
54660	375.87
54670	375.91
54680	375.93
54690	375.95
54700	376.01
54710	376.02
54720	376.03
54730	376.07
54740	376.14
54750	376.16
54760	376.26
54770	376.31
54780	376.4
54790	376.46
54800	376.48
54810	376.5
54820	376.55
54830	376.62
54840	376.64
54850	376.71
54860	376.75
54870	376.83
54880	376.88
54890	376.9
54900	376.98
54910	377.02
54920	377.06
54930	377.1
54940	377.13
54950	377.13
54960	377.18
54970	377.2
54980	377.21
54990	377.28
55000	377.29
55010	377.3
55020	377.31
55030	377.34
55040	377.31
55050	377.36
55060	377.4
55070	377.42
55080	377.42
55090	377.4
55100	377.41
55110	377.43
55120	377.44
55130	377.54
55140	377.65
55150	377.61
55160	377.62
55170	377.67
55180	377.72
55190	377.75
55200	377.82
55210	377.82
55220	377.88
55230	377.82
55240	377.83
55250	377.85
55260	377.88
55270	377.95
55280	377.96
55290	377.96
55300	378.0
55310	378.05
55320	378.12
55330	378.06
55340	378.09
55350	378.15
55360	378.18
55370	378.24
55380	378.34
55390	378.4
55400	378.36
55410	378.44
55420	378.47
55430	378.48
55440	378.57
55450	378.57
55460	378.55
55470	378.59
55480	378.63
55490	378.66
55500	378.65
55510	378.65
55520	378.71
55530	378.72
55540	378.76
55550	378.78
55560	378.81
55570	378.87
55580	378.89
55590	378.88
55600	378.88
55610	378.87
55620	378.94
55630	378.97
55640	378.96
55650	379.03
55660	379.0
55670	379.03
55680	379.08
55690	379.1
55700	379.14
55710	379.17
55720	379.23
55730	379.25
55740	379.27
55750	379.33
55760	379.34
55770	379.38
55780	379.43
55790	379.49
55800	379.53
55810	379.55
55820	379.6
55830	379.65
55840	379.71
55850	379.72
55860	379.78
55870	379.84
55880	379.92
55890	380.02
55900	379.99
55910	380.07
55920	380.06
55930	380.07
55940	380.14
55950	380.09
55960	380.1
55970	380.13
55980	380.15
55990	380.2
56000	380.19
56010	380.24
56020	380.21
56030	380.32
56040	380.37
56050	380.4
56060	380.43
56070	380.49
56080	380.52
56090	380.56
56100	380.52
56110	380.5
56120	380.58
56130	380.57
56140	380.55
56150	380.6
56160	380.66
56170	380.64
56180	380.69
56190	380.68
56200	380.72
56210	380.74
56220	380.78
56230	380.76
56240	380.81
56250	380.8
56260	380.83
56270	380.91
56280	380.89
56290	380.87
56300	380.94
56310	380.98
56320	380.96
56330	381.0
56340	381.05
56350	381.04
56360	381.11
56370	381.21
56380	381.24
56390	381.26
56400	381.24
56410	381.31
56420	381.35
56430	381.41
56440	381.48
56450	381.42
56460	381.48
56470	381.49
56480	381.52
56490	381.58
56500	381.61
56510	381.67
56520	381.69
56530	381.7
56540	381.71
56550	381.76
56560	381.71
56570	381.75
56580	381.82
56590	381.86
56600	381.88
56610	382.01
56620	382.08
56630	382.16
56640	382.17
56650	382.2
56660	382.17
56670	382.26
56680	382.24
56690	382.24
56700	382.3
56710	382.33
56720	382.45
56730	382.5
56740	382.53
56750	382.57
56760	382.54
56770	382.52
56780	382.56
56790	382.56
56800	382.59
56810	382.58
56820	382.58
56830	382.59
56840	382.67
56850	382.74
56860	382.73
56870	382.75
56880	382.79
56890	382.8
56900	382.82
56910	382.88
56920	382.86
56930	382.91
56940	382.98
56950	382.97
56960	382.94
56970	382.95
56980	383.0
56990	383.01
57000	383.07
57010	383.11
57020	383.13
57030	383.17
57040	383.21
57050	383.24
57060	383.26
57070	383.29
57080	383.32
57090	383.32
57100	383.28
57110	383.29
57120	383.31
57130	383.32
57140	383.38
57150	383.39
57160	383.37
57170	383.35
57180	383.34
57190	383.37
57200	383.36
57210	383.41
57220	383.46
57230	383.48
57240	383.51
57250	383.58
57260	383.64
57270	383.69
57280	383.69
57290	383.72
57300	383.71
57310	383.68
57320	383.73
57330	383.81
57340	383.87
57350	383.89
57360	383.91
57370	383.88
57380	383.92
57390	383.93
57400	384.02
57410	383.99
57420	383.88
57430	383.85
57440	383.83
57450	383.83
57460	383.91
57470	383.97
57480	384.01
57490	383.99
57500	384.04
57510	384.01
57520	384.04
57530	384.08
57540	384.07
57550	384.12
57560	384.16
57570	384.23
57580	384.27
57590	384.32
57600	384.35
57610	384.38
57620	384.42
57630	384.46
57640	384.52
57650	384.63
57660	384.65
57670	384.66
57680	384.72
57690	384.72
57700	384.75
57710	384.78
57720	384.78
57730	384.77
57740	384.72
57750	384.72
57760	384.79
57770	384.8
57780	384.8
57790	384.87
57800	384.93
57810	384.98
57820	384.98
57830	384.98
57840	384.98
57850	384.99
57860	385.04
57870	385.11
57880	385.05
57890	385.09
57900	385.14
57910	385.13
57920	385.18
57930	385.21
57940	385.23
57950	385.3
57960	385.37
57970	385.39
57980	385.4
57990	385.42
58000	385.46
58010	385.47
58020	385.5
58030	385.51
58040	385.57
58050	385.58
58060	385.58
58070	385.57
58080	385.58
58090	385.59
58100	385.63
58110	385.62
58120	385.67
58130	385.63
58140	385.65
58150	385.66
58160	385.69
58170	385.68
58180	385.73
58190	385.8
58200	385.82
58210	385.84
58220	385.89
58230	385.82
58240	385.82
58250	385.84
58260	385.86
58270	385.87
58280	385.89
58290	385.93
58300	385.92
58310	385.97
58320	386.03
58330	386.04
58340	386.05
58350	386.07
58360	386.07
58370	386.08
58380	386.14
58390	386.15
58400	386.2
58410	386.22
58420	386.19
58430	386.25
58440	386.25
58450	386.29
58460	386.28
58470	386.24
58480	386.27
58490	386.3
58500	386.36
58510	386.41
58520	386.46
58530	386.49
58540	386.5
58550	386.52
58560	386.57
58570	386.51
58580	386.58
58590	386.6
58600	386.58
58610	386.62
58620	386.66
58630	386.7
58640	386.76
58650	386.79
58660	386.8
58670	386.81
58680	386.78
58690	386.77
58700	386.72
58710	386.78
58720	386.75
58730	386.79
58740	386.74
58750	386.8
58760	386.8
58770	386.8
58780	386.83
58790	386.81
58800	386.85
58810	386.89
58820	386.91
58830	386.92
58840	386.94
58850	386.93
58860	387.01
58870	387.01
58880	387.01
58890	387.1
58900	387.13
58910	387.18
58920	387.23
58930	387.27
58940	387.28
58950	387.29
58960	387.34
58970	387.44
58980	387.47
58990	387.46
59000	387.44
59010	387.49
59020	387.52
59030	387.57
59040	387.59
59050	387.62
59060	387.67
59070	387.67
59080	387.68
59090	387.77
59100	387.82
59110	387.85
59120	387.85
59130	387.87
59140	387.89
59150	387.92
59160	387.87
59170	387.86
59180	387.9
59190	387.95
59200	387.98
59210	388.0
59220	388.01
59230	388.04
59240	388.02
59250	388.04
59260	388.06
59270	388.09
59280	388.15
59290	388.21
59300	388.23
59310	388.23
59320	388.24
59330	388.26
59340	388.28
59350	388.32
59360	388.32
59370	388.37
59380	388.45
59390	388.43
59400	388.43
59410	388.42
59420	388.44
59430	388.45
59440	388.47
59450	388.53
59460	388.59
59470	388.65
59480	388.65
59490	388.62
59500	388.6
59510	388.59
59520	388.63
59530	388.63
59540	388.69
59550	388.75
59560	388.77
59570	388.81
59580	388.78
59590	388.77
59600	388.82
59610	388.85
59620	388.89
59630	388.97
59640	388.97
59650	389.0
59660	389.03
59670	389.04
59680	389.02
59690	389.04
59700	389.05
59710	389.08
59720	389.11
59730	389.15
59740	389.12
59750	389.15
59760	389.08
59770	389.11
59780	389.14
59790	389.14
59800	389.17
59810	389.19
59820	389.24
59830	389.31
59840	389.34
59850	389.37
59860	389.35
59870	389.36
59880	389.37
59890	389.41
59900	389.37
59910	389.44
59920	389.45
59930	389.53
59940	389.52
59950	389.48
59960	389.49
59970	389.46
59980	389.47
59990	389.51
60000	389.56
