10	0.13
20	0.5
30	0.7
40	0.97
50	1.21
60	1.43
70	1.59
80	1.87
90	2.18
100	2.61
110	2.88
120	2.99
130	3.18
140	3.55
150	3.8
160	4.16
170	4.5
180	4.59
190	4.96
200	5.41
210	5.65
220	5.92
230	6.42
240	6.72
250	7.16
260	7.23
270	7.35
280	7.83
290	8.07
300	8.44
310	8.58
320	8.7
330	8.86
340	9.28
350	9.65
360	10.11
370	10.45
380	10.69
390	10.97
400	11.25
410	11.6
420	11.67
430	12.11
440	12.41
450	12.72
460	12.87
470	12.8
480	13.02
490	13.57
500	13.86
510	14.05
520	14.36
530	14.67
540	15.0
550	15.24
560	15.45
570	15.7
580	16.02
590	16.5
600	16.72
610	17.24
620	17.46
630	17.7
640	17.88
650	18.12
660	18.47
670	18.86
680	19.11
690	19.49
700	19.71
710	20.03
720	20.32
730	20.51
740	20.79
750	20.97
760	21.34
770	21.73
780	21.87
790	22.3
800	22.44
810	22.65
820	23.09
830	23.24
840	23.46
850	23.66
860	23.85
870	24.15
880	24.43
890	24.63
900	25.18
910	25.71
920	26.06
930	26.16
940	26.4
950	26.69
960	27.17
970	27.54
980	27.69
990	27.81
1000	28.34
1010	28.77
1020	29.23
1030	29.44
1040	29.76
1050	30.11
1060	30.46
1070	30.59
1080	30.83
1090	31.1
1100	31.32
1110	31.48
1120	31.85
1130	32.11
1140	32.53
1150	32.86
1160	32.93
1170	33.2
1180	33.49
1190	33.84
1200	34.05
1210	34.14
1220	34.45
1230	34.6
1240	34.9
1250	35.15
1260	35.5
1270	35.96
1280	36.39
1290	36.78
1300	37.11
1310	37.31
1320	37.83
1330	38.03
1340	38.31
1350	38.68
1360	38.68
1370	38.91
1380	39.29
1390	39.56
1400	39.91
1410	40.04
1420	40.29
1430	40.83
1440	41.22
1450	41.55
1460	41.84
1470	42.0
1480	42.33
1490	42.37
1500	42.7
1510	42.9
1520	43.17
1530	43.58
1540	43.84
1550	44.21
1560	44.52
1570	44.78
1580	44.98
1590	45.38
1600	45.46
1610	45.83
1620	46.17
1630	46.39
1640	46.57
1650	47.0
1660	47.32
1670	47.68
1680	48.12
1690	48.48
1700	48.74
1710	48.9
1720	49.33
1730	49.48
1740	49.79
1750	50.14
1760	50.35
1770	50.74
1780	50.95
1790	51.2
1800	51.43
1810	51.7
1820	51.91
1830	52.1
1840	52.37
1850	52.59
1860	52.87
1870	53.08
1880	53.27
1890	53.44
1900	53.79
1910	54.03
1920	54.52
1930	54.74
1940	55.1
1950	55.48
1960	55.74
1970	55.92
1980	56.1
1990	56.34
2000	56.54
2010	56.79
2020	57.09
2030	57.27
2040	57.59
2050	57.75
2060	58.09
2070	58.43
2080	58.62
2090	58.89
2100	59.28
2110	59.68
2120	59.89
2130	60.23
2140	60.47
2150	60.77
2160	61.06
2170	61.42
2180	61.61
2190	61.99
2200	62.2
2210	62.1
2220	62.29
2230	62.7
2240	63.19
2250	63.51
2260	63.85
2270	64.2
2280	64.71
2290	64.96
2300	65.16
2310	65.3
2320	65.5
2330	65.7
2340	65.83
2350	66.24
2360	66.44
2370	66.79
2380	67.27
2390	67.48
2400	68.0
2410	68.41
2420	68.85
2430	69.07
2440	69.34
2450	69.74
2460	69.91
2470	70.26
2480	70.44
2490	70.64
2500	70.96
2510	71.22
2520	71.67
2530	72.15
2540	72.49
2550	72.72
2560	73.1
2570	73.42
2580	73.75
2590	74.11
2600	74.41
2610	74.73
2620	75.12
2630	75.28
2640	75.37
2650	75.71
2660	76.15
2670	76.28
2680	76.5
2690	76.61
2700	76.85
2710	77.07
2720	77.35
2730	77.7
2740	78.04
2750	78.27
2760	78.58
2770	79.0
2780	79.44
2790	79.65
2800	79.98
2810	80.39
2820	80.81
2830	81.01
2840	81.19
2850	81.4
2860	81.63
2870	81.97
2880	82.17
2890	82.53
2900	82.92
2910	83.31
2920	83.68
2930	84.06
2940	84.4
2950	84.7
2960	84.87
2970	85.2
2980	85.4
2990	85.67
3000	85.98
3010	86.18
3020	86.51
3030	86.66
3040	87.09
3050	87.54
3060	87.77
3070	88.03
3080	88.28
3090	88.59
3100	88.75
3110	89.14
3120	89.49
3130	89.88
3140	90.32
3150	90.5
3160	90.83
3170	90.92
3180	91.07
3190	91.37
3200	91.56
3210	91.86
3220	92.26
3230	92.53
3240	92.84
3250	92.96
3260	93.04
3270	93.28
3280	93.71
3290	93.82
3300	94.21
3310	94.48
3320	94.73
3330	95.09
3340	95.34
3350	95.39
3360	95.35
3370	95.46
3380	95.79
3390	96.31
3400	96.66
3410	96.95
3420	97.15
3430	97.53
3440	97.68
3450	98.09
3460	98.49
3470	98.76
3480	99.11
3490	99.47
3500	100.0
3510	100.31
3520	100.66
3530	101.03
3540	101.49
3550	101.76
3560	102.11
3570	102.43
3580	102.52
3590	102.79
3600	102.88
3610	103.0
3620	103.19
3630	103.5
3640	103.91
3650	104.13
3660	104.27
3670	104.49
3680	104.97
3690	105.28
3700	105.74
3710	105.84
3720	106.12
3730	106.45
3740	107.09
3750	107.43
3760	107.65
3770	107.76
3780	108.08
3790	108.37
3800	108.59
3810	108.87
3820	109.08
3830	109.31
3840	109.45
3850	109.68
3860	109.7
3870	109.93
3880	110.41
3890	110.77
3900	110.92
3910	111.08
3920	111.5
3930	111.99
3940	112.17
3950	112.6
3960	112.8
3970	112.84
3980	113.02
3990	113.34
4000	113.52
4010	113.68
4020	113.79
4030	114.21
4040	114.55
4050	114.73
4060	114.87
4070	115.24
4080	115.5
4090	115.86
4100	116.21
4110	116.57
4120	116.74
4130	117.15
4140	117.5
4150	117.81
4160	117.89
4170	118.11
4180	118.33
4190	118.57
4200	118.84
4210	119.12
4220	119.39
4230	119.45
4240	119.65
4250	119.92
4260	120.05
4270	120.16
4280	120.27
4290	120.64
4300	120.9
4310	121.07
4320	121.19
4330	121.39
4340	121.67
4350	122.07
4360	122.46
4370	122.8
4380	123.31
4390	123.4
4400	123.83
4410	124.14
4420	124.44
4430	124.78
4440	125.31
4450	125.55
4460	125.9
4470	126.14
4480	126.36
4490	126.65
4500	126.89
4510	127.21
4520	127.63
4530	127.89
4540	127.97
4550	128.16
4560	128.61
4570	128.52
4580	128.98
4590	129.36
4600	129.52
4610	129.79
4620	129.95
4630	130.07
4640	130.38
4650	130.69
4660	130.93
4670	131.16
4680	131.48
4690	131.95
4700	132.24
4710	132.57
4720	132.96
4730	133.29
4740	133.56
4750	133.95
4760	134.18
4770	134.47
4780	134.35
4790	134.63
4800	134.8
4810	135.14
4820	135.27
4830	135.57
4840	135.76
4850	136.01
4860	136.17
4870	136.26
4880	136.65
4890	136.88
4900	137.3
4910	137.65
4920	137.89
4930	138.1
4940	138.51
4950	138.9
4960	139.24
4970	139.48
4980	139.81
4990	139.94
5000	140.1
5010	140.36
5020	140.48
5030	140.89
5040	140.99
5050	141.2
5060	141.37
5070	141.76
5080	141.99
5090	142.39
5100	142.72
5110	142.99
5120	143.44
5130	143.76
5140	143.76
5150	144.01
5160	144.14
5170	144.42
5180	144.62
5190	145.03
5200	145.23
5210	145.4
5220	145.73
5230	145.86
5240	146.3
5250	146.64
5260	146.82
5270	147.06
5280	147.22
5290	147.27
5300	147.59
5310	147.95
5320	148.32
5330	148.73
5340	149.05
5350	149.05
5360	149.21
5370	149.53
5380	149.82
5390	150.24
5400	150.32
5410	150.55
5420	150.71
5430	150.87
5440	151.19
5450	151.62
5460	151.83
5470	152.02
5480	152.11
5490	152.35
5500	152.81
5510	153.11
5520	153.49
5530	153.85
5540	154.05
5550	154.16
5560	154.47
5570	154.63
5580	154.72
5590	154.95
5600	155.21
5610	155.74
5620	155.95
5630	156.17
5640	156.52
5650	156.81
5660	157.02
5670	157.21
5680	157.38
5690	157.63
5700	157.95
5710	158.29
5720	158.52
5730	158.68
5740	158.83
5750	159.04
5760	159.14
5770	159.64
5780	159.94
5790	160.27
5800	160.43
5810	160.49
5820	160.8
5830	161.1
5840	161.34
5850	161.68
5860	161.89
5870	162.05
5880	162.31
5890	162.6
5900	162.97
5910	163.1
5920	163.34
5930	163.45
5940	163.65
5950	164.04
5960	164.12
5970	164.5
5980	164.74
5990	164.87
6000	165.04
6010	165.09
6020	165.35
6030	165.68
6040	165.65
6050	165.86
6060	166.02
6070	166.25
6080	166.52
6090	166.76
6100	167.07
6110	167.17
6120	167.22
6130	167.62
6140	167.74
6150	168.06
6160	168.15
6170	168.52
6180	168.52
6190	168.96
6200	169.09
6210	169.47
6220	169.77
6230	170.1
6240	170.49
6250	170.78
6260	171.16
6270	171.31
6280	171.76
6290	172.17
6300	172.46
6310	172.52
6320	172.73
6330	173.0
6340	173.11
6350	173.24
6360	173.5
6370	173.5
6380	173.46
6390	173.59
6400	173.86
6410	174.12
6420	174.39
6430	174.59
6440	174.87
6450	175.07
6460	175.38
6470	175.46
6480	175.69
6490	175.97
6500	176.23
6510	176.53
6520	176.83
6530	177.0
6540	177.36
6550	177.65
6560	177.92
6570	178.21
6580	178.38
6590	178.64
6600	178.91
6610	179.3
6620	179.74
6630	180.15
6640	180.3
6650	180.45
6660	180.81
6670	181.05
6680	181.23
6690	181.48
6700	181.76
6710	181.87
6720	182.04
6730	182.2
6740	182.55
6750	182.85
6760	183.1
6770	183.32
6780	183.6
6790	184.1
6800	184.35
6810	184.47
6820	184.62
6830	184.76
6840	184.87
6850	184.99
6860	185.19
6870	185.43
6880	185.55
6890	185.82
6900	186.02
6910	186.16
6920	186.51
6930	186.71
6940	187.02
6950	187.04
6960	187.27
6970	187.42
6980	187.79
6990	187.99
7000	188.1
7010	188.33
7020	188.62
7030	188.82
7040	189.21
7050	189.31
7060	189.56
7070	189.8
7080	190.24
7090	190.5
7100	190.78
7110	191.12
7120	191.24
7130	191.31
7140	191.64
7150	191.97
7160	192.27
7170	192.69
7180	193.04
7190	193.16
7200	193.19
7210	193.38
7220	193.49
7230	193.94
7240	194.3
7250	194.5
7260	194.59
7270	194.79
7280	195.13
7290	195.26
7300	195.52
7310	195.67
7320	195.91
7330	195.99
7340	196.43
7350	196.75
7360	197.25
7370	197.46
7380	197.78
7390	197.99
7400	198.14
7410	198.43
7420	198.64
7430	199.0
7440	199.27
7450	199.44
7460	199.65
7470	199.87
7480	199.92
7490	200.18
7500	200.59
7510	200.97
7520	201.03
7530	201.43
7540	201.76
7550	202.08
7560	202.22
7570	202.36
7580	202.57
7590	202.62
7600	202.88
7610	203.2
7620	203.57
7630	203.89
7640	204.05
7650	204.24
7660	204.6
7670	204.96
7680	205.1
7690	205.34
7700	205.58
7710	205.85
7720	206.05
7730	206.32
7740	206.48
7750	206.75
7760	207.08
7770	207.17
7780	207.78
7790	208.16
7800	208.37
7810	208.59
7820	208.99
7830	209.29
7840	209.47
7850	209.79
7860	209.9
7870	210.27
7880	210.34
7890	210.73
7900	210.96
7910	211.15
7920	211.19
7930	211.56
7940	211.81
7950	212.02
7960	212.24
7970	212.44
7980	212.8
7990	213.16
8000	213.45
8010	213.7
8020	213.9
8030	214.21
8040	214.64
8050	214.8
8060	215.27
8070	215.4
8080	215.77
8090	216.22
8100	216.63
8110	216.85
8120	217.21
8130	217.51
8140	217.94
8150	217.98
8160	218.28
8170	218.72
8180	218.99
8190	219.15
8200	219.41
8210	219.68
8220	219.63
8230	219.99
8240	220.26
8250	220.62
8260	220.75
8270	220.87
8280	221.13
8290	221.24
8300	221.36
8310	221.5
8320	221.71
8330	222.03
8340	222.29
8350	222.68
8360	222.82
8370	223.0
8380	223.36
8390	223.49
8400	223.82
8410	223.99
8420	223.91
8430	223.96
8440	224.17
8450	224.6
8460	224.82
8470	225.08
8480	225.5
8490	225.9
8500	226.06
8510	226.2
8520	226.35
8530	226.54
8540	226.87
8550	227.09
8560	227.29
8570	227.56
8580	227.85
8590	228.18
8600	228.39
8610	228.8
8620	229.07
8630	229.24
8640	229.51
8650	229.78
8660	229.88
8670	230.05
8680	230.24
8690	230.42
8700	230.74
8710	230.89
8720	230.98
8730	231.11
8740	231.33
8750	231.64
8760	232.1
8770	232.28
8780	232.47
8790	232.56
8800	232.93
8810	233.17
8820	233.55
8830	233.84
8840	234.03
8850	234.16
8860	234.34
8870	234.73
8880	235.2
8890	235.25
8900	235.49
8910	235.57
8920	235.73
8930	236.03
8940	236.09
8950	236.29
8960	236.66
8970	236.82
8980	236.98
8990	237.39
9000	237.54
9010	237.63
9020	237.93
9030	238.19
9040	238.58
9050	238.76
9060	238.94
9070	239.27
9080	239.57
9090	239.73
9100	239.83
9110	240.09
9120	240.26
9130	240.32
9140	240.62
9150	240.67
9160	240.81
9170	241.08
9180	241.27
9190	241.55
9200	241.71
9210	241.97
9220	242.2
9230	242.44
9240	242.71
9250	243.07
9260	243.22
9270	243.43
9280	243.51
9290	243.83
9300	244.08
9310	244.41
9320	244.57
9330	244.75
9340	245.04
9350	245.07
9360	245.36
9370	245.42
9380	245.73
9390	245.94
9400	246.25
9410	246.61
9420	247.04
9430	247.13
9440	247.44
9450	247.74
9460	247.96
9470	248.1
9480	248.38
9490	248.7
9500	249.0
9510	249.2
9520	249.32
9530	249.56
9540	249.87
9550	250.03
9560	250.38
9570	250.65
9580	250.73
9590	251.15
9600	251.43
9610	251.59
9620	251.71
9630	251.87
9640	252.18
9650	252.4
9660	252.53
9670	252.84
9680	253.15
9690	253.33
9700	253.43
9710	253.63
9720	253.84
9730	254.1
9740	254.29
9750	254.42
9760	254.71
9770	254.82
9780	255.13
9790	255.38
9800	255.53
9810	255.74
9820	255.91
9830	256.27
9840	256.67
9850	256.84
9860	257.06
9870	257.32
9880	257.67
9890	257.78
9900	258.19
9910	258.47
9920	258.71
9930	258.83
9940	259.17
9950	259.39
9960	259.7
9970	259.93
9980	260.02
9990	260.16
10000	260.38
10010	260.74
10020	260.96
10030	261.17
10040	261.45
10050	261.67
10060	261.92
10070	262.03
10080	262.2
10090	262.28
10100	262.57
10110	262.69
10120	262.76
10130	263.09
10140	263.19
10150	263.5
10160	263.66
10170	263.81
10180	263.99
10190	264.16
10200	264.29
10210	264.44
10220	264.68
10230	264.97
10240	265.22
10250	265.55
10260	265.8
10270	266.11
10280	266.28
10290	266.48
10300	266.54
10310	266.81
10320	267.08
10330	267.4
10340	267.47
10350	267.62
10360	267.9
10370	268.17
10380	268.32
10390	268.45
10400	268.79
10410	269.0
10420	269.38
10430	269.52
10440	269.53
10450	269.73
10460	270.0
10470	270.12
10480	270.15
10490	270.46
10500	270.74
10510	271.08
10520	271.47
10530	271.77
10540	272.03
10550	272.38
10560	272.73
10570	273.01
10580	273.26
10590	273.37
10600	273.52
10610	273.69
10620	273.8
10630	274.05
10640	274.25
10650	274.44
10660	274.65
10670	274.83
10680	274.91
10690	275.16
10700	275.3
10710	275.59
10720	275.75
10730	276.12
10740	276.56
10750	276.88
10760	277.01
10770	277.34
10780	277.49
10790	277.91
10800	278.19
10810	278.53
10820	278.76
10830	278.9
10840	279.25
10850	279.42
10860	279.49
10870	279.74
10880	280.0
10890	280.4
10900	280.56
10910	280.63
10920	280.9
10930	281.06
10940	281.2
10950	281.34
10960	281.53
10970	281.69
10980	281.92
10990	282.21
11000	282.46
11010	282.71
11020	283.0
11030	283.43
11040	283.58
11050	283.84
11060	283.99
11070	284.23
11080	284.45
11090	284.67
11100	284.94
11110	285.33
11120	285.73
11130	286.0
11140	286.22
11150	286.3
11160	286.46
11170	286.55
11180	286.7
11190	287.0
11200	287.16
11210	287.25
11220	287.56
11230	287.59
11240	287.9
11250	288.28
11260	288.43
11270	288.45
11280	288.78
11290	288.85
11300	288.87
11310	289.21
11320	289.48
11330	289.84
11340	290.14
11350	290.28
11360	290.61
11370	291.04
11380	291.02
11390	291.15
11400	291.3
11410	291.49
11420	291.67
11430	291.95
11440	292.04
11450	292.3
11460	292.57
11470	292.86
11480	292.87
11490	292.95
11500	293.23
11510	293.37
11520	293.57
11530	293.52
11540	293.73
11550	293.89
11560	294.25
11570	294.33
11580	294.55
11590	294.77
11600	295.27
11610	295.55
11620	295.67
11630	295.82
11640	296.15
11650	296.38
11660	296.61
11670	296.72
11680	296.75
11690	296.86
11700	297.09
11710	297.25
11720	297.38
11730	297.55
11740	297.75
11750	297.96
11760	298.15
11770	298.21
11780	298.38
11790	298.7
11800	298.79
11810	299.07
11820	299.16
11830	299.35
11840	299.41
11850	299.55
11860	299.81
11870	299.98
11880	300.41
11890	300.66
11900	301.03
11910	301.28
11920	301.37
11930	301.76
11940	301.96
11950	302.22
11960	302.47
11970	302.58
11980	302.82
11990	303.06
12000	303.15
12010	303.38
12020	303.63
12030	303.85
12040	304.0
12050	304.33
12060	304.63
12070	304.99
12080	305.05
12090	305.06
12100	305.41
12110	305.7
12120	305.78
12130	305.84
12140	305.92
12150	306.12
12160	306.38
12170	306.49
12180	306.51
12190	306.79
12200	306.87
12210	307.07
12220	307.3
12230	307.42
12240	307.71
12250	307.9
12260	308.3
12270	308.44
12280	308.51
12290	308.84
12300	309.09
12310	309.15
12320	309.36
12330	309.6
12340	309.77
12350	309.91
12360	310.3
12370	310.57
12380	310.85
12390	311.04
12400	311.23
12410	311.34
12420	311.41
12430	311.66
12440	311.92
12450	312.23
12460	312.24
12470	312.58
12480	312.75
12490	312.99
12500	313.26
12510	313.49
12520	313.57
12530	313.73
12540	313.92
12550	314.28
12560	314.43
12570	314.6
12580	314.91
12590	315.05
12600	315.33
12610	315.59
12620	315.9
12630	315.99
12640	316.08
12650	316.04
12660	316.19
12670	316.43
12680	316.49
12690	316.78
12700	317.0
12710	317.29
12720	317.43
12730	317.54
12740	317.75
12750	317.7
12760	317.95
12770	318.14
12780	318.32
12790	318.48
12800	318.67
12810	318.87
12820	319.03
12830	319.38
12840	319.51
12850	319.81
12860	319.96
12870	320.31
12880	320.62
12890	320.8
12900	320.95
12910	321.28
12920	321.32
12930	321.5
12940	321.8
12950	322.03
12960	322.14
12970	322.17
12980	322.35
12990	322.63
13000	322.84
13010	323.15
13020	323.41
13030	323.62
13040	323.96
13050	324.16
13060	324.29
13070	324.5
13080	324.72
13090	324.86
13100	325.08
13110	325.21
13120	325.49
13130	325.55
13140	325.64
13150	325.97
13160	326.08
13170	326.25
13180	326.48
13190	326.69
13200	326.84
13210	326.82
13220	327.13
13230	327.37
13240	327.57
13250	327.68
13260	327.76
13270	327.85
13280	327.91
13290	328.13
13300	328.32
13310	328.55
13320	328.73
13330	328.79
13340	329.12
13350	329.1
13360	329.25
13370	329.35
13380	329.42
13390	329.69
13400	329.91
13410	330.25
13420	330.41
13430	330.58
13440	330.67
13450	330.77
13460	331.1
13470	331.14
13480	331.47
13490	331.59
13500	331.87
13510	332.09
13520	332.25
13530	332.49
13540	332.71
13550	332.89
13560	333.06
13570	333.22
13580	333.41
13590	333.53
13600	333.69
13610	333.84
13620	334.0
13630	334.09
13640	334.38
13650	334.54
13660	334.62
13670	334.73
13680	334.94
13690	335.04
13700	335.24
13710	335.37
13720	335.59
13730	335.73
13740	335.82
13750	335.95
13760	336.09
13770	336.25
13780	336.37
13790	336.4
13800	336.63
13810	336.83
13820	336.97
13830	337.3
13840	337.19
13850	337.22
13860	337.37
13870	337.51
13880	337.73
13890	338.03
13900	338.19
13910	338.42
13920	338.72
13930	338.91
13940	338.97
13950	339.33
13960	339.51
13970	339.56
13980	339.58
13990	339.81
14000	339.96
14010	340.06
14020	340.22
14030	340.33
14040	340.5
14050	340.7
14060	340.75
14070	341.0
14080	341.11
14090	341.22
14100	341.32
14110	341.42
14120	341.71
14130	341.85
14140	341.95
14150	342.26
14160	342.56
14170	342.67
14180	342.79
14190	342.9
14200	343.09
14210	343.28
14220	343.55
14230	343.8
14240	343.87
14250	344.12
14260	344.18
14270	344.39
14280	344.58
14290	344.86
14300	345.02
14310	345.2
14320	345.32
14330	345.43
14340	345.57
14350	345.82
14360	345.82
14370	345.9
14380	346.03
14390	346.1
14400	346.41
14410	346.68
14420	346.8
14430	347.0
14440	347.18
14450	347.35
14460	347.4
14470	347.6
14480	347.79
14490	347.97
14500	348.15
14510	348.35
14520	348.58
14530	348.72
14540	348.79
14550	348.81
14560	349.09
14570	349.23
14580	349.41
14590	349.68
14600	349.92
14610	350.19
14620	350.32
14630	350.58
14640	350.6
14650	350.74
14660	350.88
14670	350.95
14680	351.12
14690	351.29
14700	351.53
14710	351.59
14720	351.68
14730	351.95
14740	351.99
14750	352.06
14760	352.09
14770	352.32
14780	352.41
14790	352.63
14800	352.94
14810	352.97
14820	353.07
14830	353.39
14840	353.51
14850	353.64
14860	353.76
14870	353.83
14880	354.03
14890	354.08
14900	354.22
14910	354.38
14920	354.57
14930	354.82
14940	355.0
14950	355.03
14960	355.12
14970	355.14
14980	355.28
14990	355.43
15000	355.63
15010	355.6
15020	355.86
15030	356.12
15040	356.09
15050	356.32
15060	356.34
15070	356.53
15080	356.67
15090	356.84
15100	356.96
15110	357.24
15120	357.37
15130	357.48
15140	357.56
15150	357.77
15160	358.0
15170	358.29
15180	358.39
15190	358.44
15200	358.51
15210	358.59
15220	358.69
15230	358.89
15240	358.96
15250	359.07
15260	359.1
15270	359.24
15280	359.34
15290	359.49
15300	359.72
15310	359.92
15320	360.19
15330	360.56
15340	360.78
15350	360.82
15360	361.09
15370	361.24
15380	361.32
15390	361.4
15400	361.47
15410	361.57
15420	361.67
15430	361.81
15440	361.91
15450	362.12
15460	362.32
15470	362.59
15480	362.77
15490	362.83
15500	362.94
15510	363.08
15520	363.1
15530	363.29
15540	363.39
15550	363.59
15560	363.88
15570	364.1
15580	364.19
15590	364.32
15600	364.46
15610	364.71
15620	364.89
15630	364.92
15640	365.13
15650	365.25
15660	365.22
15670	365.25
15680	365.48
15690	365.51
15700	365.73
15710	365.87
15720	365.96
15730	366.06
15740	366.19
15750	366.15
15760	366.31
15770	366.51
15780	366.64
15790	366.68
15800	366.89
15810	367.08
15820	367.17
15830	367.31
15840	367.39
15850	367.51
15860	367.65
15870	367.85
15880	367.98
15890	368.04
15900	368.21
15910	368.41
15920	368.6
15930	368.69
15940	368.91
15950	369.04
15960	369.13
15970	369.31
15980	369.45
15990	369.58
16000	369.89
16010	370.13
16020	370.22
16030	370.45
16040	370.5
16050	370.71
16060	370.91
16070	371.01
16080	371.19
16090	371.52
16100	371.64
16110	371.9
16120	372.08
16130	372.21
16140	372.35
16150	372.41
16160	372.55
16170	372.87
16180	373.03
16190	373.07
16200	373.32
16210	373.52
16220	373.63
16230	373.79
16240	373.76
16250	373.97
16260	374.09
16270	374.23
16280	374.42
16290	374.53
16300	374.72
16310	374.82
16320	375.04
16330	375.13
16340	375.28
16350	375.36
16360	375.43
16370	375.51
16380	375.58
16390	375.66
16400	375.75
16410	375.81
16420	375.85
16430	375.92
16440	376.08
16450	376.18
16460	376.32
16470	376.54
16480	376.81
16490	376.95
16500	377.02
16510	377.1
16520	377.16
16530	377.15
16540	377.16
16550	377.42
16560	377.5
16570	377.57
16580	377.59
16590	377.53
16600	377.62
16610	377.66
16620	377.67
16630	377.72
16640	377.75
16650	377.81
16660	378.11
16670	378.2
16680	378.19
16690	378.38
16700	378.41
16710	378.6
16720	378.75
16730	378.89
16740	378.99
16750	378.99
16760	379.18
16770	379.31
16780	379.35
16790	379.53
16800	379.65
16810	379.7
16820	379.73
16830	379.91
16840	379.97
16850	380.1
16860	380.17
16870	380.22
16880	380.26
16890	380.39
16900	380.56
16910	380.71
16920	380.77
16930	380.87
16940	380.9
16950	380.92
16960	381.01
16970	381.15
16980	381.18
16990	381.39
17000	381.33
17010	381.37
17020	381.53
17030	381.65
17040	381.76
17050	381.84
17060	381.83
17070	381.99
17080	382.05
17090	382.18
17100	382.11
17110	382.1
17120	382.16
17130	382.13
17140	382.33
17150	382.58
17160	382.69
17170	382.86
17180	382.98
17190	383.1
17200	383.25
17210	383.32
17220	383.36
17230	383.57
17240	383.57
17250	383.7
17260	383.92
17270	384.05
17280	383.99
17290	384.07
17300	384.06
17310	384.2
17320	384.27
17330	384.4
17340	384.46
17350	384.61
17360	384.55
17370	384.61
17380	384.6
17390	384.82
17400	385.06
17410	385.22
17420	385.3
17430	385.45
17440	385.45
17450	385.5
17460	385.64
17470	385.7
17480	385.82
17490	386.0
17500	386.14
17510	386.17
17520	386.23
17530	386.39
17540	386.59
17550	386.6
17560	386.65
17570	386.71
17580	386.82
17590	386.98
17600	387.03
17610	387.14
17620	387.23
17630	387.41
17640	387.47
17650	387.61
17660	387.72
17670	387.86
17680	388.14
17690	388.25
17700	388.41
17710	388.51
17720	388.56
17730	388.64
17740	388.7
17750	388.68
17760	388.8
17770	388.99
17780	388.91
17790	388.95
17800	389.1
17810	389.09
17820	389.23
17830	389.26
17840	389.46
17850	389.66
17860	389.79
17870	389.92
17880	390.12
17890	390.18
17900	390.4
17910	390.66
17920	390.72
17930	390.89
17940	391.02
17950	391.15
17960	391.34
17970	391.56
17980	391.61
17990	391.61
18000	391.68
18010	391.8
18020	391.98
18030	391.98
18040	392.09
18050	392.09
18060	392.28
18070	392.3
18080	392.43
18090	392.53
18100	392.63
18110	392.61
18120	392.68
18130	392.83
18140	392.99
18150	392.99
18160	393.07
18170	393.14
18180	393.19
18190	393.21
18200	393.3
18210	393.25
18220	393.33
18230	393.43
18240	393.58
18250	393.63
18260	393.69
18270	393.81
18280	393.94
18290	393.98
18300	393.95
18310	393.95
18320	394.02
18330	394.17
18340	394.24
18350	394.36
18360	394.42
18370	394.53
18380	394.58
18390	394.61
18400	394.59
18410	394.75
18420	394.89
18430	394.93
18440	395.05
18450	395.06
18460	395.21
18470	395.24
18480	395.31
18490	395.35
18500	395.38
18510	395.51
18520	395.63
18530	395.8
18540	395.92
18550	395.97
18560	396.1
18570	396.19
18580	396.3
18590	396.41
18600	396.47
18610	396.53
18620	396.72
18630	396.74
18640	396.78
18650	396.95
18660	397.09
18670	397.21
18680	397.28
18690	397.41
18700	397.58
18710	397.8
18720	397.98
18730	398.09
18740	398.08
18750	398.13
18760	398.2
18770	398.22
18780	398.33
18790	398.46
18800	398.52
18810	398.57
18820	398.64
18830	398.65
18840	398.67
18850	398.76
18860	398.86
18870	398.92
18880	398.95
18890	399.17
18900	399.36
18910	399.37
18920	399.3
18930	399.44
18940	399.58
18950	399.76
18960	399.81
18970	400.03
18980	400.13
18990	400.22
19000	400.37
19010	400.5
19020	400.52
19030	400.51
19040	400.58
19050	400.75
19060	400.87
19070	400.95
19080	400.94
19090	400.94
19100	401.14
19110	401.21
19120	401.26
19130	401.3
19140	401.41
19150	401.45
19160	401.49
19170	401.48
19180	401.57
19190	401.67
19200	401.81
19210	401.91
19220	401.96
19230	402.02
19240	402.05
19250	402.07
19260	402.11
19270	402.29
19280	402.52
19290	402.58
19300	402.75
19310	402.75
19320	402.99
19330	403.08
19340	403.08
19350	403.02
19360	403.03
19370	403.05
19380	403.21
19390	403.34
19400	403.34
19410	403.48
19420	403.59
19430	403.67
19440	403.78
19450	403.74
19460	403.77
19470	403.8
19480	403.96
19490	403.99
19500	404.06
19510	404.15
19520	404.3
19530	404.4
19540	404.46
19550	404.54
19560	404.69
19570	404.71
19580	404.73
19590	404.95
19600	405.01
19610	405.12
19620	405.24
19630	405.24
19640	405.25
19650	405.34
19660	405.49
19670	405.58
19680	405.63
19690	405.6
19700	405.66
19710	405.75
19720	405.74
19730	405.93
19740	405.97
19750	406.08
19760	406.08
19770	406.14
19780	406.26
19790	406.31
19800	406.31
19810	406.39
19820	406.46
19830	406.55
19840	406.56
19850	406.71
19860	406.73
19870	406.73
19880	406.74
19890	406.86
19900	406.95
19910	407.01
19920	407.06
19930	407.11
19940	407.15
19950	407.19
19960	407.22
19970	407.26
19980	407.35
19990	407.44
20000	407.49
20010	407.54
20020	407.58
20030	407.61
20040	407.69
20050	407.75
20060	407.76
20070	407.88
20080	407.93
20090	407.95
20100	408.0
20110	408.11
20120	408.02
20130	408.14
20140	408.15
20150	408.22
20160	408.43
20170	408.53
20180	408.61
20190	408.73
20200	408.77
20210	408.83
20220	409.02
20230	409.18
20240	409.32
20250	409.34
20260	409.33
20270	409.37
20280	409.5
20290	409.45
20300	409.45
20310	409.49
20320	409.57
20330	409.66
20340	409.62
20350	409.66
20360	409.72
20370	409.61
20380	409.7
20390	409.75
20400	409.75
20410	409.82
20420	409.98
20430	410.0
20440	410.06
20450	410.15
20460	410.28
20470	410.43
20480	410.48
20490	410.48
20500	410.64
20510	410.68
20520	410.72
20530	410.82
20540	410.87
20550	410.91
20560	410.98
20570	411.11
20580	411.19
20590	411.16
20600	411.24
20610	411.27
20620	411.31
20630	411.39
20640	411.57
20650	411.66
20660	411.7
20670	411.7
20680	411.72
20690	411.88
20700	411.83
20710	411.89
20720	411.96
20730	411.92
20740	412.06
20750	412.02
20760	412.0
20770	411.94
20780	412.16
20790	412.35
20800	412.45
20810	412.54
20820	412.65
20830	412.61
20840	412.76
20850	412.85
20860	412.98
20870	413.07
20880	413.15
20890	413.29
20900	413.36
20910	413.42
20920	413.5
20930	413.58
20940	413.64
20950	413.72
20960	413.85
20970	413.95
20980	413.98
20990	413.94
21000	414.0
21010	414.11
21020	414.25
21030	414.25
21040	414.35
21050	414.39
21060	414.56
21070	414.65
21080	414.67
21090	414.69
21100	414.7
21110	414.75
21120	414.84
21130	414.81
21140	414.92
21150	415.0
21160	415.12
21170	415.14
21180	415.14
21190	415.21
21200	415.24
21210	415.35
21220	415.43
21230	415.45
21240	415.59
21250	415.59
21260	415.63
21270	415.72
21280	415.76
21290	415.78
21300	415.95
21310	416.04
21320	416.09
21330	416.18
21340	416.34
21350	416.4
21360	416.42
21370	416.5
21380	416.51
21390	416.68
21400	416.76
21410	416.8
21420	417.0
21430	417.1
21440	417.24
21450	417.33
21460	417.64
21470	417.75
21480	417.86
21490	417.79
21500	417.87
21510	417.92
21520	417.97
21530	418.02
21540	418.09
21550	418.05
21560	417.97
21570	418.02
21580	417.94
21590	417.99
21600	418.0
21610	418.15
21620	418.21
21630	418.27
21640	418.34
21650	418.45
21660	418.55
21670	418.51
21680	418.68
21690	418.78
21700	418.88
21710	418.98
21720	419.08
21730	419.1
21740	419.08
21750	419.13
21760	419.25
21770	419.35
21780	419.45
21790	419.56
21800	419.57
21810	419.59
21820	419.6
21830	419.62
21840	419.68
21850	419.77
21860	419.82
21870	419.8
21880	419.94
21890	420.07
21900	420.11
21910	420.14
21920	420.17
21930	420.25
21940	420.24
21950	420.34
21960	420.33
21970	420.48
21980	420.53
21990	420.51
22000	420.52
22010	420.57
22020	420.64
22030	420.67
22040	420.77
22050	420.92
22060	420.92
22070	421.0
22080	421.09
22090	421.11
22100	421.17
22110	421.25
22120	421.27
22130	421.33
22140	421.33
22150	421.38
22160	421.28
22170	421.33
22180	421.38
22190	421.47
22200	421.55
22210	421.54
22220	421.56
22230	421.52
22240	421.57
22250	421.65
22260	421.76
22270	421.77
22280	421.85
22290	421.96
22300	421.99
22310	422.1
22320	422.16
22330	422.13
22340	422.13
22350	422.14
22360	422.16
22370	422.21
22380	422.22
22390	422.33
22400	422.35
22410	422.36
22420	422.39
22430	422.45
22440	422.46
22450	422.44
22460	422.57
22470	422.59
22480	422.63
22490	422.68
22500	422.79
22510	422.92
22520	422.86
22530	422.87
22540	422.94
22550	422.96
22560	422.99
22570	422.97
22580	423.0
22590	423.04
22600	423.09
22610	423.15
22620	423.21
22630	423.42
22640	423.47
22650	423.61
22660	423.63
22670	423.72
22680	423.76
22690	423.73
22700	423.75
22710	423.84
22720	423.82
22730	423.89
22740	423.9
22750	423.84
22760	423.78
22770	423.81
22780	423.84
22790	423.96
22800	424.06
22810	424.05
22820	424.06
22830	424.05
22840	424.1
22850	424.18
22860	424.23
22870	424.3
22880	424.38
22890	424.42
22900	424.46
22910	424.46
22920	424.46
22930	424.52
22940	424.65
22950	424.74
22960	424.8
22970	424.8
22980	424.94
22990	424.97
23000	424.98
23010	425.02
23020	425.06
23030	425.13
23040	425.23
23050	425.27
23060	425.24
23070	425.32
23080	425.4
23090	425.39
23100	425.43
23110	425.42
23120	425.4
23130	425.45
23140	425.51
23150	425.55
23160	425.58
23170	425.61
23180	425.63
23190	425.69
23200	425.69
23210	425.72
23220	425.77
23230	425.76
23240	425.77
23250	425.83
23260	425.84
23270	425.9
23280	425.93
23290	425.94
23300	425.92
23310	426.0
23320	426.05
23330	426.07
23340	426.14
23350	426.19
23360	426.23
23370	426.3
23380	426.29
23390	426.34
23400	426.35
23410	426.42
23420	426.48
23430	426.55
23440	426.64
23450	426.72
23460	426.82
23470	426.87
23480	427.05
23490	427.17
23500	427.23
23510	427.19
23520	427.25
23530	427.29
23540	427.26
23550	427.23
23560	427.29
23570	427.36
23580	427.48
23590	427.51
23600	427.55
23610	427.55
23620	427.6
23630	427.66
23640	427.69
23650	427.76
23660	427.84
23670	427.86
23680	427.91
23690	427.86
23700	427.87
23710	427.89
23720	427.98
23730	427.99
23740	428.04
23750	428.13
23760	428.2
23770	428.24
23780	428.29
23790	428.29
23800	428.26
23810	428.38
23820	428.43
23830	428.5
23840	428.53
23850	428.57
23860	428.66
23870	428.72
23880	428.77
23890	428.83
23900	428.86
23910	428.81
23920	428.84
23930	428.88
23940	428.95
23950	429.05
23960	429.15
23970	429.12
23980	429.21
23990	429.18
24000	429.34
24010	429.46
24020	429.55
24030	429.52
24040	429.49
24050	429.49
24060	429.54
24070	429.51
24080	429.59
24090	429.61
24100	429.65
24110	429.67
24120	429.79
24130	429.81
24140	429.87
24150	429.92
24160	429.95
24170	429.94
24180	430.0
24190	430.02
24200	430.01
24210	429.96
24220	430.02
24230	430.06
24240	430.11
24250	430.13
24260	430.15
24270	430.16
24280	430.15
24290	430.19
24300	430.2
24310	430.18
24320	430.2
24330	430.25
24340	430.27
24350	430.25
24360	430.34
24370	430.36
24380	430.35
24390	430.41
24400	430.39
24410	430.41
24420	430.46
24430	430.48
24440	430.52
24450	430.56
24460	430.64
24470	430.64
24480	430.71
24490	430.71
24500	430.7
24510	430.65
24520	430.67
24530	430.69
24540	430.65
24550	430.72
24560	430.74
24570	430.7
24580	430.72
24590	430.76
24600	430.85
24610	430.87
24620	430.86
24630	430.89
24640	430.97
24650	430.99
24660	430.99
24670	431.03
24680	431.06
24690	431.13
24700	431.13
24710	431.27
24720	431.31
24730	431.4
24740	431.42
24750	431.51
24760	431.54
24770	431.57
24780	431.6
24790	431.65
24800	431.63
24810	431.66
24820	431.67
24830	431.7
24840	431.75
24850	431.79
24860	431.81
24870	431.9
24880	431.96
24890	431.99
24900	432.05
24910	432.05
24920	432.1
24930	432.08
24940	432.12
24950	432.15
24960	432.22
24970	432.33
24980	432.36
24990	432.39
25000	432.45
25010	432.47
25020	432.53
25030	432.61
25040	432.71
25050	432.82
25060	432.75
25070	432.79
25080	432.81
25090	432.81
25100	432.82
25110	432.88
25120	432.78
25130	432.9
25140	432.87
25150	432.82
25160	432.88
25170	432.98
25180	433.01
25190	433.1
25200	433.13
25210	433.18
25220	433.28
25230	433.27
25240	433.31
25250	433.31
25260	433.35
25270	433.37
25280	433.42
25290	433.45
25300	433.43
25310	433.52
25320	433.51
25330	433.5
25340	433.56
25350	433.63
25360	433.65
25370	433.7
25380	433.76
25390	433.81
25400	433.8
25410	433.85
25420	433.9
25430	433.87
25440	433.94
25450	433.93
25460	433.92
25470	433.98
25480	433.99
25490	434.05
25500	434.01
25510	434.07
25520	434.11
25530	434.12
25540	434.12
25550	434.14
25560	434.25
25570	434.31
25580	434.27
25590	434.27
25600	434.32
25610	434.42
25620	434.47
25630	434.47
25640	434.56
25650	434.57
25660	434.63
25670	434.65
25680	434.71
25690	434.78
25700	434.83
25710	434.85
25720	434.9
25730	434.97
25740	435.0
25750	435.08
25760	435.14
25770	435.12
25780	435.21
25790	435.26
25800	435.38
25810	435.41
25820	435.48
25830	435.52
25840	435.55
25850	435.56
25860	435.68
25870	435.7
25880	435.69
25890	435.73
25900	435.72
25910	435.73
25920	435.76
25930	435.74
25940	435.74
25950	435.76
25960	435.83
25970	435.85
25980	435.84
25990	435.89
26000	435.97
26010	436.0
26020	436.01
26030	436.08
26040	436.1
26050	436.2
26060	436.27
26070	436.3
26080	436.33
26090	436.37
26100	436.46
26110	436.56
26120	436.6
26130	436.59
26140	436.62
26150	436.67
26160	436.69
26170	436.7
26180	436.74
26190	436.76
26200	436.76
26210	436.8
26220	436.81
26230	436.82
26240	436.81
26250	436.84
26260	436.85
26270	436.91
26280	436.93
26290	436.92
26300	436.96
26310	436.97
26320	436.99
26330	436.95
26340	437.0
26350	437.1
26360	437.1
26370	437.13
26380	437.17
26390	437.17
26400	437.2
26410	437.25
26420	437.25
26430	437.23
26440	437.29
26450	437.38
26460	437.35
26470	437.38
26480	437.49
26490	437.56
26500	437.58
26510	437.55
26520	437.58
26530	437.64
26540	437.63
26550	437.66
26560	437.62
26570	437.65
26580	437.7
26590	437.76
26600	437.75
26610	437.7
26620	437.69
26630	437.7
26640	437.7
26650	437.66
26660	437.7
26670	437.7
26680	437.68
26690	437.67
26700	437.71
26710	437.74
26720	437.76
26730	437.77
26740	437.81
26750	437.88
26760	437.87
26770	437.89
26780	437.84
26790	437.9
26800	437.96
26810	437.98
26820	438.02
26830	438.06
26840	438.05
26850	438.11
26860	438.13
26870	438.08
26880	438.03
26890	438.07
26900	438.13
26910	438.2
26920	438.28
26930	438.24
26940	438.26
26950	438.28
26960	438.33
26970	438.38
26980	438.38
26990	438.41
27000	438.5
27010	438.5
27020	438.53
27030	438.52
27040	438.59
27050	438.57
27060	438.65
27070	438.68
27080	438.68
27090	438.75
27100	438.77
27110	438.81
27120	438.88
27130	438.89
27140	438.9
27150	438.9
27160	438.91
27170	438.91
27180	438.97
27190	438.99
27200	439.03
27210	439.03
27220	439.07
27230	439.04
27240	439.03
27250	439.04
27260	439.03
27270	439.0
27280	439.03
27290	439.05
27300	439.08
27310	439.11
27320	439.14
27330	439.1
27340	439.13
27350	439.15
27360	439.18
27370	439.19
27380	439.24
27390	439.28
27400	439.31
27410	439.36
27420	439.36
27430	439.34
27440	439.31
27450	439.35
27460	439.35
27470	439.39
27480	439.4
27490	439.45
27500	439.53
27510	439.53
27520	439.6
27530	439.62
27540	439.61
27550	439.65
27560	439.67
27570	439.7
27580	439.73
27590	439.78
27600	439.86
27610	439.88
27620	439.86
27630	439.83
27640	439.89
27650	439.94
27660	439.98
27670	440.04
27680	440.03
27690	440.18
27700	440.21
27710	440.25
27720	440.22
27730	440.22
27740	440.22
27750	440.27
27760	440.32
27770	440.4
27780	440.4
27790	440.41
27800	440.52
27810	440.57
27820	440.61
27830	440.69
27840	440.67
27850	440.67
27860	440.63
27870	440.64
27880	440.71
27890	440.75
27900	440.74
27910	440.73
27920	440.77
27930	440.85
27940	440.87
27950	440.92
27960	440.97
27970	441.02
27980	441.04
27990	441.02
28000	441.04
28010	441.1
28020	441.17
28030	441.16
28040	441.22
28050	441.24
28060	441.26
28070	441.28
28080	441.34
28090	441.41
28100	441.47
28110	441.54
28120	441.55
28130	441.55
28140	441.52
28150	441.54
28160	441.51
28170	441.49
28180	441.53
28190	441.59
28200	441.62
28210	441.7
28220	441.7
28230	441.68
28240	441.71
28250	441.73
28260	441.71
28270	441.73
28280	441.75
28290	441.81
28300	441.82
28310	441.8
28320	441.81
28330	441.83
28340	441.88
28350	441.96
28360	441.97
28370	442.02
28380	442.0
28390	442.0
28400	442.04
28410	442.07
28420	442.09
28430	442.09
28440	442.12
28450	442.24
28460	442.2
28470	442.23
28480	442.23
28490	442.25
28500	442.32
28510	442.32
28520	442.33
28530	442.38
28540	442.45
28550	442.48
28560	442.49
28570	442.56
28580	442.57
28590	442.61
28600	442.68
28610	442.7
28620	442.72
28630	442.72
28640	442.75
28650	442.78
28660	442.83
28670	442.83
28680	442.85
28690	442.85
28700	442.83
28710	442.85
28720	442.89
28730	442.89
28740	442.92
28750	442.96
28760	443.01
28770	443.02
28780	443.04
28790	443.02
28800	443.04
28810	443.02
28820	443.03
28830	443.07
28840	443.11
28850	443.14
28860	443.18
28870	443.23
28880	443.25
28890	443.26
28900	443.31
28910	443.24
28920	443.24
28930	443.22
28940	443.3
28950	443.33
28960	443.31
28970	443.32
28980	443.35
28990	443.28
29000	443.35
29010	443.36
29020	443.4
29030	443.44
29040	443.46
29050	443.51
29060	443.52
29070	443.54
29080	443.6
29090	443.61
29100	443.64
29110	443.7
29120	443.71
29130	443.74
29140	443.77
29150	443.82
29160	443.83
29170	443.86
29180	443.88
29190	443.91
29200	443.88
29210	443.95
29220	443.96
29230	443.95
29240	443.95
29250	443.99
29260	444.0
29270	444.04
29280	444.06
29290	444.13
29300	444.15
29310	444.17
29320	444.18
29330	444.17
29340	444.24
29350	444.28
29360	444.28
29370	444.3
29380	444.35
29390	444.43
29400	444.48
29410	444.53
29420	444.55
29430	444.59
29440	444.57
29450	444.62
29460	444.67
29470	444.76
29480	444.79
29490	444.8
29500	444.74
29510	444.78
29520	444.81
29530	444.82
29540	444.8
29550	444.83
29560	444.82
29570	444.86
29580	444.82
29590	444.86
29600	444.87
29610	444.9
29620	444.93
29630	444.91
29640	444.91
29650	444.93
29660	444.98
29670	444.96
29680	444.99
29690	445.02
29700	445.04
29710	445.02
29720	445.04
29730	445.0
29740	445.03
29750	445.04
29760	445.05
29770	445.05
29780	445.06
29790	445.03
29800	445.07
29810	445.06
29820	445.04
29830	445.02
29840	445.0
29850	445.03
29860	445.09
29870	445.09
29880	445.1
29890	445.13
29900	445.11
29910	445.12
29920	445.13
29930	445.19
29940	445.24
29950	445.22
29960	445.27
29970	445.29
29980	445.31
29990	445.31
30000	445.35
30010	445.36
30020	445.34
30030	445.33
30040	445.36
30050	445.43
30060	445.43
30070	445.41
30080	445.42
30090	445.47
30100	445.5
30110	445.5
30120	445.54
30130	445.61
30140	445.63
30150	445.66
30160	445.7
30170	445.72
30180	445.72
30190	445.7
30200	445.73
30210	445.71
30220	445.72
30230	445.76
30240	445.77
30250	445.78
30260	445.77
30270	445.77
30280	445.83
30290	445.85
30300	445.88
30310	445.9
30320	445.9
30330	445.92
30340	445.94
30350	445.94
30360	445.93
30370	445.92
30380	445.94
30390	445.99
30400	445.98
30410	446.04
30420	446.05
30430	446.08
30440	446.12
30450	446.17
30460	446.23
30470	446.26
30480	446.25
30490	446.22
30500	446.25
30510	446.32
30520	446.32
30530	446.35
30540	446.38
30550	446.4
30560	446.43
30570	446.42
30580	446.49
30590	446.54
30600	446.53
30610	446.54
30620	446.58
30630	446.58
30640	446.61
30650	446.63
30660	446.68
30670	446.7
30680	446.73
30690	446.72
30700	446.69
30710	446.72
30720	446.73
30730	446.77
30740	446.79
30750	446.81
30760	446.86
30770	446.91
30780	446.92
30790	446.95
30800	446.95
30810	447.0
30820	447.04
30830	447.04
30840	447.07
30850	447.12
30860	447.12
30870	447.1
30880	447.1
30890	447.09
30900	447.08
30910	447.08
30920	447.11
30930	447.12
30940	447.14
30950	447.11
30960	447.12
30970	447.15
30980	447.13
30990	447.1
31000	447.05
31010	447.04
31020	447.04
31030	447.05
31040	447.02
31050	447.0
31060	446.99
31070	447.01
31080	447.03
31090	447.03
31100	447.02
31110	447.02
31120	447.03
31130	447.05
31140	447.07
31150	447.1
31160	447.11
31170	447.13
31180	447.13
31190	447.13
31200	447.16
31210	447.18
31220	447.16
31230	447.15
31240	447.19
31250	447.21
31260	447.24
31270	447.24
31280	447.24
31290	447.21
31300	447.24
31310	447.23
31320	447.29
31330	447.33
31340	447.39
31350	447.41
31360	447.45
31370	447.46
31380	447.53
31390	447.56
31400	447.59
31410	447.59
31420	447.6
31430	447.61
31440	447.62
31450	447.69
31460	447.7
31470	447.69
31480	447.67
31490	447.68
31500	447.7
31510	447.8
31520	447.82
31530	447.81
31540	447.82
31550	447.84
31560	447.86
31570	447.89
31580	447.9
31590	447.91
31600	447.94
31610	447.92
31620	447.91
31630	447.92
31640	447.95
31650	448.03
31660	448.06
31670	448.05
31680	448.09
31690	448.12
31700	448.14
31710	448.16
31720	448.13
31730	448.16
31740	448.16
31750	448.17
31760	448.16
31770	448.19
31780	448.19
31790	448.18
31800	448.2
31810	448.19
31820	448.19
31830	448.21
31840	448.25
31850	448.26
31860	448.29
31870	448.28
31880	448.31
31890	448.33
31900	448.34
31910	448.34
31920	448.35
31930	448.36
31940	448.41
31950	448.42
31960	448.46
31970	448.46
31980	448.47
31990	448.44
32000	448.49
32010	448.49
32020	448.51
32030	448.49
32040	448.5
32050	448.53
32060	448.54
32070	448.55
32080	448.54
32090	448.56
32100	448.56
32110	448.62
32120	448.65
32130	448.67
32140	448.72
32150	448.74
32160	448.72
32170	448.75
32180	448.79
32190	448.81
32200	448.83
32210	448.82
32220	448.8
32230	448.79
32240	448.73
32250	448.72
32260	448.74
32270	448.74
32280	448.73
32290	448.73
32300	448.76
32310	448.79
32320	448.81
32330	448.85
32340	448.9
32350	448.89
32360	448.89
32370	448.91
32380	448.92
32390	448.92
32400	448.91
32410	448.91
32420	448.94
32430	448.93
32440	448.88
32450	448.86
32460	448.94
32470	448.96
32480	448.96
32490	448.96
32500	449.0
32510	449.03
32520	449.07
32530	449.11
32540	449.09
32550	449.09
32560	449.1
32570	449.11
32580	449.16
32590	449.13
32600	449.13
32610	449.16
32620	449.16
32630	449.14
32640	449.16
32650	449.17
32660	449.21
32670	449.27
32680	449.29
32690	449.3
32700	449.3
32710	449.33
32720	449.35
32730	449.34
32740	449.36
32750	449.38
32760	449.35
32770	449.39
32780	449.38
32790	449.37
32800	449.36
32810	449.38
32820	449.4
32830	449.37
32840	449.36
32850	449.38
32860	449.36
32870	449.33
32880	449.32
32890	449.36
32900	449.35
32910	449.38
32920	449.35
32930	449.36
32940	449.39
32950	449.35
32960	449.33
32970	449.36
32980	449.41
32990	449.42
33000	449.45
33010	449.45
33020	449.48
33030	449.45
33040	449.46
33050	449.46
33060	449.45
33070	449.48
33080	449.51
33090	449.51
33100	449.54
33110	449.59
33120	449.61
33130	449.66
33140	449.68
33150	449.73
33160	449.72
33170	449.76
33180	449.76
33190	449.78
33200	449.77
33210	449.79
33220	449.79
33230	449.77
33240	449.78
33250	449.77
33260	449.81
33270	449.84
33280	449.85
33290	449.85
33300	449.85
33310	449.85
33320	449.87
33330	449.83
33340	449.84
33350	449.89
33360	449.91
33370	449.91
33380	449.93
33390	449.94
33400	449.93
33410	449.94
33420	449.98
33430	450.0
33440	450.01
33450	450.0
33460	450.01
33470	450.01
33480	450.06
33490	450.1
33500	450.12
33510	450.15
33520	450.17
33530	450.23
33540	450.24
33550	450.24
33560	450.25
33570	450.26
33580	450.25
33590	450.32
33600	450.32
33610	450.29
33620	450.3
33630	450.35
33640	450.4
33650	450.4
33660	450.43
33670	450.46
33680	450.46
33690	450.45
33700	450.53
33710	450.56
33720	450.58
33730	450.62
33740	450.66
33750	450.65
33760	450.66
33770	450.67
33780	450.65
33790	450.72
33800	450.76
33810	450.7
33820	450.73
33830	450.69
33840	450.76
33850	450.77
33860	450.75
33870	450.78
33880	450.8
33890	450.83
33900	450.86
33910	450.89
33920	450.93
33930	450.9
33940	450.94
33950	450.93
33960	450.89
33970	450.87
33980	450.91
33990	450.9
34000	450.91
34010	450.96
34020	451.0
34030	451.02
34040	451.01
34050	450.99
34060	450.99
34070	451.0
34080	451.02
34090	451.05
34100	451.05
34110	451.02
34120	451.02
34130	451.08
34140	451.08
34150	451.06
34160	451.06
34170	451.09
34180	451.09
34190	451.09
34200	451.1
34210	451.12
34220	451.11
34230	451.13
34240	451.14
34250	451.2
34260	451.25
34270	451.26
34280	451.25
34290	451.23
34300	451.24
34310	451.31
34320	451.32
34330	451.3
34340	451.27
34350	451.32
34360	451.33
34370	451.33
34380	451.36
34390	451.37
34400	451.39
34410	451.36
34420	451.39
34430	451.4
34440	451.36
34450	451.36
34460	451.4
34470	451.42
34480	451.42
34490	451.44
34500	451.47
34510	451.51
34520	451.55
34530	451.56
34540	451.57
34550	451.6
34560	451.62
34570	451.61
34580	451.63
34590	451.62
34600	451.64
34610	451.62
34620	451.6
34630	451.61
34640	451.63
34650	451.65
34660	451.65
34670	451.63
34680	451.68
34690	451.67
34700	451.65
34710	451.66
34720	451.65
34730	451.65
34740	451.67
34750	451.64
34760	451.66
34770	451.63
34780	451.71
34790	451.76
34800	451.75
34810	451.75
34820	451.79
34830	451.81
34840	451.82
34850	451.85
34860	451.88
34870	451.96
34880	451.95
34890	452.04
34900	452.01
34910	452.03
34920	452.07
34930	452.1
34940	452.1
34950	452.17
34960	452.19
34970	452.2
34980	452.2
34990	452.17
35000	452.15
35010	452.15
35020	452.19
35030	452.19
35040	452.21
35050	452.25
35060	452.24
35070	452.26
35080	452.26
35090	452.23
35100	452.24
35110	452.27
35120	452.25
35130	452.3
35140	452.32
35150	452.33
35160	452.34
35170	452.34
35180	452.35
35190	452.34
35200	452.4
35210	452.42
35220	452.42
35230	452.43
35240	452.45
35250	452.45
35260	452.45
35270	452.5
35280	452.53
35290	452.5
35300	452.48
35310	452.49
35320	452.49
35330	452.52
35340	452.53
35350	452.56
35360	452.56
35370	452.61
35380	452.6
35390	452.61
35400	452.67
35410	452.7
35420	452.73
35430	452.77
35440	452.76
35450	452.77
35460	452.77
35470	452.77
35480	452.77
35490	452.77
35500	452.77
35510	452.75
35520	452.72
35530	452.72
35540	452.71
35550	452.68
35560	452.68
35570	452.69
35580	452.73
35590	452.71
35600	452.76
35610	452.75
35620	452.74
35630	452.83
35640	452.86
35650	452.85
35660	452.87
35670	452.89
35680	452.91
35690	452.92
35700	452.91
35710	452.9
35720	452.88
35730	452.92
35740	452.91
35750	452.89
35760	452.85
35770	452.84
35780	452.85
35790	452.87
35800	452.91
35810	452.91
35820	452.92
35830	453.0
35840	453.03
35850	453.0
35860	452.98
35870	453.02
35880	453.05
35890	453.06
35900	453.05
35910	453.07
35920	453.1
35930	453.09
35940	453.12
35950	453.14
35960	453.12
35970	453.17
35980	453.16
35990	453.13
36000	453.14
36010	453.14
36020	453.12
36030	453.09
36040	453.09
36050	453.11
36060	453.13
36070	453.16
36080	453.17
36090	453.17
36100	453.14
36110	453.15
36120	453.21
36130	453.22
36140	453.22
36150	453.25
36160	453.24
36170	453.25
36180	453.29
36190	453.32
36200	453.31
36210	453.33
36220	453.35
36230	453.36
36240	453.38
36250	453.39
36260	453.42
36270	453.45
36280	453.46
36290	453.48
36300	453.51
36310	453.55
36320	453.56
36330	453.54
36340	453.52
36350	453.5
36360	453.54
36370	453.54
36380	453.56
36390	453.5
36400	453.5
36410	453.53
36420	453.57
36430	453.56
36440	453.58
36450	453.55
36460	453.56
36470	453.55
36480	453.54
36490	453.55
36500	453.52
36510	453.53
36520	453.52
36530	453.54
36540	453.58
36550	453.59
36560	453.64
36570	453.69
36580	453.75
36590	453.74
36600	453.73
36610	453.8
36620	453.84
36630	453.83
36640	453.87
36650	453.84
36660	453.86
36670	453.84
36680	453.87
36690	453.87
36700	453.87
36710	453.9
36720	453.85
36730	453.89
36740	453.92
36750	453.92
36760	453.93
36770	453.96
36780	453.96
36790	453.98
36800	453.97
36810	454.05
36820	454.04
36830	454.06
36840	454.05
36850	454.08
36860	454.07
36870	454.04
36880	454.1
36890	454.09
36900	454.13
36910	454.12
36920	454.13
36930	454.13
36940	454.13
36950	454.14
36960	454.13
36970	454.09
36980	454.06
36990	454.11
37000	454.15
37010	454.2
37020	454.26
37030	454.28
37040	454.3
37050	454.33
37060	454.34
37070	454.36
37080	454.4
37090	454.46
37100	454.44
37110	454.43
37120	454.41
37130	454.47
37140	454.48
37150	454.47
37160	454.43
37170	454.43
37180	454.43
37190	454.43
37200	454.45
37210	454.51
37220	454.54
37230	454.55
37240	454.58
37250	454.63
37260	454.65
37270	454.66
37280	454.64
37290	454.67
37300	454.7
37310	454.72
37320	454.71
37330	454.74
37340	454.75
37350	454.74
37360	454.77
37370	454.81
37380	454.83
37390	454.83
37400	454.85
37410	454.83
37420	454.86
37430	454.89
37440	454.84
37450	454.83
37460	454.83
37470	454.82
37480	454.81
37490	454.82
37500	454.83
37510	454.87
37520	454.9
37530	454.93
37540	454.92
37550	454.96
37560	454.99
37570	455.01
37580	455.03
37590	455.05
37600	455.06
37610	455.08
37620	455.09
37630	455.07
37640	455.13
37650	455.11
37660	455.07
37670	455.11
37680	455.18
37690	455.19
37700	455.2
37710	455.16
37720	455.1
37730	455.11
37740	455.13
37750	455.15
37760	455.16
37770	455.17
37780	455.16
37790	455.19
37800	455.21
37810	455.25
37820	455.29
37830	455.28
37840	455.31
37850	455.33
37860	455.37
37870	455.37
37880	455.4
37890	455.4
37900	455.42
37910	455.43
37920	455.41
37930	455.46
37940	455.5
37950	455.52
37960	455.57
37970	455.61
37980	455.58
37990	455.6
38000	455.59
38010	455.62
38020	455.64
38030	455.64
38040	455.65
38050	455.69
38060	455.71
38070	455.73
38080	455.75
38090	455.74
38100	455.75
38110	455.81
38120	455.83
38130	455.84
38140	455.88
38150	455.89
38160	455.94
38170	455.96
38180	455.97
38190	455.99
38200	456.02
38210	456.07
38220	456.06
38230	456.06
38240	456.02
38250	456.05
38260	456.06
38270	456.08
38280	456.06
38290	456.08
38300	456.04
38310	456.06
38320	456.01
38330	456.02
38340	456.05
38350	456.01
38360	456.06
38370	456.03
38380	456.07
38390	456.09
38400	456.12
38410	456.15
38420	456.18
38430	456.21
38440	456.24
38450	456.29
38460	456.32
38470	456.36
38480	456.35
38490	456.33
38500	456.37
38510	456.39
38520	456.38
38530	456.41
38540	456.41
38550	456.43
38560	456.45
38570	456.47
38580	456.44
38590	456.44
38600	456.42
38610	456.43
38620	456.43
38630	456.43
38640	456.43
38650	456.48
38660	456.49
38670	456.5
38680	456.51
38690	456.5
38700	456.56
38710	456.6
38720	456.6
38730	456.65
38740	456.63
38750	456.63
38760	456.65
38770	456.65
38780	456.69
38790	456.69
38800	456.68
38810	456.68
38820	456.7
38830	456.69
38840	456.69
38850	456.71
38860	456.73
38870	456.78
38880	456.78
38890	456.81
38900	456.85
38910	456.9
38920	456.9
38930	456.89
38940	456.94
38950	456.94
38960	456.93
38970	456.93
38980	456.96
38990	456.98
39000	456.98
39010	457.03
39020	457.07
39030	457.06
39040	457.09
39050	457.12
39060	457.12
39070	457.13
39080	457.1
39090	457.08
39100	457.13
39110	457.11
39120	457.1
39130	457.09
39140	457.11
39150	457.16
39160	457.17
39170	457.19
39180	457.22
39190	457.21
39200	457.23
39210	457.29
39220	457.31
39230	457.33
39240	457.33
39250	457.37
39260	457.39
39270	457.4
39280	457.44
39290	457.45
39300	457.42
39310	457.47
39320	457.45
39330	457.47
39340	457.48
39350	457.48
39360	457.45
39370	457.43
39380	457.48
39390	457.48
39400	457.49
39410	457.52
39420	457.54
39430	457.53
39440	457.51
39450	457.55
39460	457.61
39470	457.65
39480	457.67
39490	457.71
39500	457.73
39510	457.73
39520	457.73
39530	457.76
39540	457.77
39550	457.77
39560	457.75
39570	457.75
39580	457.79
39590	457.82
39600	457.85
39610	457.85
39620	457.84
39630	457.88
39640	457.91
39650	457.93
39660	457.93
39670	457.92
39680	457.94
39690	457.94
39700	457.96
39710	457.94
39720	457.93
39730	457.89
39740	457.93
39750	457.98
39760	457.98
39770	457.96
39780	457.95
39790	457.95
39800	457.94
39810	457.99
39820	457.97
39830	458.0
39840	457.98
39850	457.96
39860	457.96
39870	457.95
39880	457.97
39890	457.98
39900	457.99
39910	457.98
39920	457.96
39930	457.97
39940	457.99
39950	457.98
39960	458.04
39970	458.07
39980	458.09
39990	458.11
40000	458.13
40010	458.12
40020	458.11
40030	458.15
40040	458.16
40050	458.12
40060	458.07
40070	458.11
40080	458.15
40090	458.19
40100	458.25
40110	458.32
40120	458.31
40130	458.32
40140	458.38
40150	458.42
40160	458.4
40170	458.4
40180	458.44
40190	458.45
40200	458.45
40210	458.48
40220	458.51
40230	458.52
40240	458.53
40250	458.6
40260	458.66
40270	458.73
40280	458.81
40290	458.87
40300	458.88
40310	458.91
40320	458.96
40330	458.96
40340	459.03
40350	459.09
40360	459.13
40370	459.17
40380	459.24
40390	459.3
40400	459.3
40410	459.34
40420	459.38
40430	459.39
40440	459.44
40450	459.47
40460	459.5
40470	459.54
40480	459.55
40490	459.53
40500	459.55
40510	459.53
40520	459.53
40530	459.54
40540	459.54
40550	459.57
40560	459.61
40570	459.63
40580	459.61
40590	459.62
40600	459.65
40610	459.63
40620	459.66
40630	459.7
40640	459.73
40650	459.69
40660	459.78
40670	459.85
40680	459.88
40690	459.87
40700	459.86
40710	459.94
40720	459.97
40730	459.99
40740	459.99
40750	459.98
40760	459.92
40770	459.92
40780	459.95
40790	459.97
40800	460.03
40810	460.02
40820	460.06
40830	460.07
40840	460.05
40850	460.03
40860	460.01
40870	460.02
40880	460.09
40890	460.12
40900	460.16
40910	460.17
40920	460.17
40930	460.15
40940	460.19
40950	460.2
40960	460.24
40970	460.24
40980	460.25
40990	460.24
41000	460.24
41010	460.22
41020	460.19
41030	460.2
41040	460.23
41050	460.3
41060	460.33
41070	460.32
41080	460.27
41090	460.27
41100	460.24
41110	460.28
41120	460.28
41130	460.32
41140	460.36
41150	460.41
41160	460.42
41170	460.46
41180	460.47
41190	460.49
41200	460.47
41210	460.45
41220	460.49
41230	460.5
41240	460.53
41250	460.58
41260	460.6
41270	460.56
41280	460.59
41290	460.6
41300	460.62
41310	460.62
41320	460.61
41330	460.63
41340	460.67
41350	460.7
41360	460.71
41370	460.71
41380	460.75
41390	460.75
41400	460.75
41410	460.74
41420	460.75
41430	460.75
41440	460.75
41450	460.74
41460	460.75
41470	460.73
41480	460.73
41490	460.69
41500	460.68
41510	460.7
41520	460.7
41530	460.72
41540	460.71
41550	460.74
41560	460.76
41570	460.76
41580	460.79
41590	460.8
41600	460.8
41610	460.8
41620	460.84
41630	460.85
41640	460.87
41650	460.9
41660	460.9
41670	460.93
41680	460.92
41690	460.91
41700	460.91
41710	460.9
41720	460.9
41730	460.91
41740	460.97
41750	461.0
41760	461.0
41770	461.02
41780	461.04
41790	461.06
41800	461.08
41810	461.09
41820	461.12
41830	461.1
41840	461.12
41850	461.15
41860	461.14
41870	461.15
41880	461.13
41890	461.13
41900	461.12
41910	461.16
41920	461.17
41930	461.27
41940	461.32
41950	461.32
41960	461.31
41970	461.31
41980	461.36
41990	461.34
42000	461.36
42010	461.37
42020	461.36
42030	461.34
42040	461.36
42050	461.37
42060	461.37
42070	461.38
42080	461.37
42090	461.39
42100	461.43
42110	461.44
42120	461.41
42130	461.45
42140	461.53
42150	461.54
42160	461.52
42170	461.51
42180	461.55
42190	461.52
42200	461.51
42210	461.5
42220	461.54
42230	461.59
42240	461.62
42250	461.63
42260	461.61
42270	461.62
42280	461.64
42290	461.69
42300	461.72
42310	461.76
42320	461.76
42330	461.78
42340	461.82
42350	461.88
42360	461.9
42370	461.97
42380	462.01
42390	462.02
42400	462.01
42410	462.04
42420	462.09
42430	462.13
42440	462.15
42450	462.11
42460	462.15
42470	462.2
42480	462.17
42490	462.2
42500	462.21
42510	462.18
42520	462.2
42530	462.23
42540	462.25
42550	462.28
42560	462.34
42570	462.35
42580	462.39
42590	462.39
42600	462.37
42610	462.42
42620	462.43
42630	462.41
42640	462.46
42650	462.5
42660	462.52
42670	462.54
42680	462.55
42690	462.53
42700	462.53
42710	462.52
42720	462.54
42730	462.55
42740	462.56
42750	462.57
42760	462.58
42770	462.58
42780	462.58
42790	462.6
42800	462.63
42810	462.65
42820	462.63
42830	462.64
42840	462.64
42850	462.66
42860	462.67
42870	462.67
42880	462.69
42890	462.72
42900	462.72
42910	462.73
42920	462.75
42930	462.75
42940	462.76
42950	462.77
42960	462.77
42970	462.8
42980	462.84
42990	462.84
43000	462.81
43010	462.82
43020	462.83
43030	462.83
43040	462.86
43050	462.86
43060	462.85
43070	462.87
43080	462.87
43090	462.88
43100	462.88
43110	462.89
43120	462.87
43130	462.88
43140	462.87
43150	462.87
43160	462.88
43170	462.89
43180	462.89
43190	462.89
43200	462.89
43210	462.89
43220	462.9
43230	462.91
43240	462.94
43250	462.95
43260	462.97
43270	462.98
43280	462.99
43290	462.98
43300	462.98
43310	463.03
43320	463.05
43330	463.03
43340	463.02
43350	463.01
43360	462.99
43370	462.98
43380	462.98
43390	463.01
43400	463.01
43410	463.05
43420	463.01
43430	463.08
43440	463.09
43450	463.14
43460	463.18
43470	463.2
43480	463.22
43490	463.25
43500	463.25
43510	463.26
43520	463.29
43530	463.29
43540	463.27
43550	463.28
43560	463.34
43570	463.36
43580	463.36
43590	463.36
43600	463.36
43610	463.36
43620	463.34
43630	463.34
43640	463.34
43650	463.36
43660	463.37
43670	463.4
43680	463.38
43690	463.4
43700	463.44
43710	463.44
43720	463.48
43730	463.52
43740	463.53
43750	463.54
43760	463.57
43770	463.61
43780	463.6
43790	463.6
43800	463.61
43810	463.62
43820	463.66
43830	463.68
43840	463.75
43850	463.81
43860	463.86
43870	463.88
43880	463.84
43890	463.86
43900	463.87
43910	463.9
43920	463.87
43930	463.87
43940	463.88
43950	463.9
43960	463.91
43970	463.93
43980	463.95
43990	463.93
44000	463.93
44010	463.93
44020	463.91
44030	463.92
44040	463.95
44050	463.91
44060	463.96
44070	463.96
44080	463.99
44090	464.05
44100	464.06
44110	464.07
44120	464.01
44130	464.02
44140	464.04
44150	464.02
44160	464.06
44170	464.1
44180	464.11
44190	464.18
44200	464.16
44210	464.21
44220	464.18
44230	464.18
44240	464.22
44250	464.23
44260	464.28
44270	464.32
44280	464.32
44290	464.34
44300	464.37
44310	464.4
44320	464.42
44330	464.42
44340	464.42
44350	464.4
44360	464.41
44370	464.43
44380	464.44
44390	464.43
44400	464.42
44410	464.41
44420	464.44
44430	464.45
44440	464.46
44450	464.5
44460	464.51
44470	464.52
44480	464.51
44490	464.53
44500	464.55
44510	464.55
44520	464.55
44530	464.57
44540	464.58
44550	464.57
44560	464.6
44570	464.67
44580	464.66
44590	464.68
44600	464.67
44610	464.68
44620	464.68
44630	464.7
44640	464.71
44650	464.71
44660	464.74
44670	464.74
44680	464.74
44690	464.76
44700	464.78
44710	464.78
44720	464.82
44730	464.83
44740	464.82
44750	464.84
44760	464.86
44770	464.84
44780	464.85
44790	464.85
44800	464.87
44810	464.82
44820	464.84
44830	464.86
44840	464.84
44850	464.88
44860	464.88
44870	464.93
44880	464.95
44890	464.97
44900	464.94
44910	464.97
44920	464.96
44930	464.97
44940	465.0
44950	465.03
44960	465.0
44970	464.97
44980	464.92
44990	464.89
45000	464.89
45010	464.89
45020	464.96
45030	464.99
45040	465.01
45050	465.02
45060	465.01
45070	465.03
45080	465.03
45090	465.02
45100	465.03
45110	465.04
45120	465.08
45130	465.09
45140	465.1
45150	465.15
45160	465.12
45170	465.16
45180	465.17
45190	465.21
45200	465.26
45210	465.27
45220	465.28
45230	465.3
45240	465.32
45250	465.27
45260	465.31
45270	465.31
45280	465.3
45290	465.33
45300	465.31
45310	465.32
45320	465.36
45330	465.41
45340	465.43
45350	465.44
45360	465.42
45370	465.48
45380	465.52
45390	465.51
45400	465.52
45410	465.52
45420	465.56
45430	465.6
45440	465.61
45450	465.6
45460	465.59
45470	465.64
45480	465.66
45490	465.67
45500	465.7
45510	465.67
45520	465.71
45530	465.73
45540	465.79
45550	465.82
45560	465.81
45570	465.84
45580	465.85
45590	465.87
45600	465.89
45610	465.9
45620	465.92
45630	465.93
45640	465.93
45650	465.93
45660	465.93
45670	465.92
45680	465.93
45690	465.93
45700	465.93
45710	465.93
45720	465.93
45730	465.92
45740	465.93
45750	465.94
45760	465.94
45770	465.94
45780	465.97
45790	465.97
45800	465.97
45810	465.98
45820	465.98
45830	465.99
45840	466.0
45850	466.0
45860	466.0
45870	466.01
45880	466.03
45890	466.03
45900	466.03
45910	466.03
45920	466.03
45930	466.04
45940	466.04
45950	466.04
45960	466.04
45970	466.04
45980	466.05
45990	466.05
46000	466.06
46010	466.04
46020	466.05
46030	466.05
46040	466.05
46050	466.08
46060	466.1
46070	466.11
46080	466.1
46090	466.1
46100	466.09
46110	466.09
46120	466.09
46130	466.09
46140	466.09
46150	466.08
46160	466.08
46170	466.08
46180	466.08
46190	466.08
46200	466.07
46210	466.1
46220	466.1
46230	466.1
46240	466.12
46250	466.12
46260	466.12
46270	466.13
46280	466.12
46290	466.12
46300	466.14
46310	466.14
46320	466.13
46330	466.13
46340	466.14
46350	466.15
46360	466.15
46370	466.14
46380	466.15
46390	466.16
46400	466.16
46410	466.16
46420	466.18
46430	466.19
46440	466.22
46450	466.21
46460	466.23
46470	466.23
46480	466.22
46490	466.2
46500	466.23
46510	466.24
46520	466.23
46530	466.26
46540	466.29
46550	466.32
46560	466.33
46570	466.35
46580	466.34
46590	466.33
46600	466.35
46610	466.36
46620	466.38
46630	466.39
46640	466.4
46650	466.38
46660	466.39
46670	466.4
46680	466.41
46690	466.42
46700	466.43
46710	466.43
46720	466.46
46730	466.47
46740	466.49
46750	466.5
46760	466.5
46770	466.51
46780	466.49
46790	466.49
46800	466.5
46810	466.5
46820	466.51
46830	466.51
46840	466.5
46850	466.5
46860	466.51
46870	466.5
46880	466.5
46890	466.47
46900	466.48
46910	466.49
46920	466.51
46930	466.48
46940	466.48
46950	466.46
46960	466.47
46970	466.48
46980	466.46
46990	466.45
47000	466.46
47010	466.5
47020	466.53
47030	466.54
47040	466.53
47050	466.54
47060	466.54
47070	466.55
47080	466.53
47090	466.55
47100	466.55
47110	466.56
47120	466.57
47130	466.58
47140	466.6
47150	466.62
47160	466.6
47170	466.61
47180	466.63
47190	466.62
47200	466.64
47210	466.66
47220	466.67
47230	466.72
47240	466.68
47250	466.68
47260	466.68
47270	466.67
47280	466.68
47290	466.66
47300	466.68
47310	466.67
47320	466.67
47330	466.68
47340	466.68
47350	466.67
47360	466.69
47370	466.72
47380	466.69
47390	466.71
47400	466.71
47410	466.71
47420	466.71
47430	466.71
47440	466.76
47450	466.75
47460	466.77
47470	466.75
47480	466.76
47490	466.77
47500	466.82
47510	466.82
47520	466.81
47530	466.85
47540	466.9
47550	466.92
47560	466.92
47570	466.96
47580	466.99
47590	467.01
47600	467.02
47610	467.02
47620	467.01
47630	466.96
47640	466.99
47650	466.99
47660	467.01
47670	466.99
47680	467.04
47690	467.06
47700	467.09
47710	467.13
47720	467.1
47730	467.12
47740	467.16
47750	467.17
47760	467.24
47770	467.23
47780	467.27
47790	467.28
47800	467.26
47810	467.29
47820	467.39
47830	467.4
47840	467.46
47850	467.45
47860	467.46
47870	467.51
47880	467.5
47890	467.51
47900	467.52
47910	467.52
47920	467.55
47930	467.55
47940	467.57
47950	467.6
47960	467.63
47970	467.66
47980	467.69
47990	467.72
48000	467.72
48010	467.74
48020	467.76
48030	467.79
48040	467.8
48050	467.82
48060	467.81
48070	467.83
48080	467.83
48090	467.83
48100	467.85
48110	467.86
48120	467.87
48130	467.83
48140	467.83
48150	467.83
48160	467.85
48170	467.84
48180	467.83
48190	467.84
48200	467.82
48210	467.84
48220	467.84
48230	467.85
48240	467.86
48250	467.88
48260	467.9
48270	467.9
48280	467.89
48290	467.9
48300	467.89
48310	467.88
48320	467.9
48330	467.93
48340	467.9
48350	467.9
48360	467.89
48370	467.9
48380	467.91
48390	467.92
48400	467.94
48410	467.96
48420	467.96
48430	467.96
48440	467.96
48450	467.96
48460	467.94
48470	467.91
48480	467.91
48490	467.93
48500	467.93
48510	467.93
48520	467.93
48530	467.94
48540	467.96
48550	467.98
48560	468.0
48570	467.97
48580	467.96
48590	467.96
48600	467.95
48610	467.96
48620	467.97
48630	467.99
48640	468.01
48650	468.01
48660	468.03
48670	468.04
48680	468.05
48690	468.07
48700	468.07
48710	468.08
48720	468.1
48730	468.09
48740	468.11
48750	468.11
48760	468.15
48770	468.15
48780	468.15
48790	468.15
48800	468.14
48810	468.16
48820	468.16
48830	468.16
48840	468.15
48850	468.15
48860	468.17
48870	468.16
48880	468.15
48890	468.16
48900	468.16
48910	468.17
48920	468.19
48930	468.19
48940	468.18
48950	468.15
48960	468.19
48970	468.19
48980	468.2
48990	468.23
49000	468.23
49010	468.22
49020	468.22
49030	468.24
49040	468.25
49050	468.26
49060	468.24
49070	468.25
49080	468.27
49090	468.29
49100	468.3
49110	468.31
49120	468.3
49130	468.3
49140	468.29
49150	468.31
49160	468.31
49170	468.32
49180	468.34
49190	468.29
49200	468.29
49210	468.29
49220	468.26
49230	468.29
49240	468.31
49250	468.32
49260	468.31
49270	468.31
49280	468.3
49290	468.3
49300	468.31
49310	468.3
49320	468.29
49330	468.3
49340	468.3
49350	468.33
49360	468.35
49370	468.39
49380	468.4
49390	468.43
49400	468.45
49410	468.43
49420	468.44
49430	468.43
49440	468.42
49450	468.4
49460	468.41
49470	468.4
49480	468.41
49490	468.4
49500	468.41
49510	468.42
49520	468.42
49530	468.41
49540	468.45
49550	468.44
49560	468.43
49570	468.43
49580	468.43
49590	468.43
49600	468.44
49610	468.46
49620	468.46
49630	468.45
49640	468.46
49650	468.45
49660	468.45
49670	468.46
49680	468.48
49690	468.49
49700	468.52
49710	468.55
49720	468.54
49730	468.55
49740	468.54
49750	468.51
49760	468.51
49770	468.56
49780	468.54
49790	468.55
49800	468.56
49810	468.59
49820	468.63
49830	468.64
49840	468.63
49850	468.64
49860	468.66
49870	468.67
49880	468.66
49890	468.71
49900	468.73
49910	468.72
49920	468.73
49930	468.75
49940	468.76
49950	468.76
49960	468.78
49970	468.82
49980	468.83
49990	468.85
50000	468.86
50010	468.87
50020	468.84
50030	468.82
50040	468.84
50050	468.85
50060	468.84
50070	468.87
50080	468.9
50090	468.95
50100	468.95
50110	468.92
50120	468.97
50130	469.0
50140	469.01
50150	469.05
50160	469.04
50170	469.01
50180	469.05
50190	469.1
50200	469.08
50210	469.09
50220	469.11
50230	469.12
50240	469.12
50250	469.13
50260	469.14
50270	469.14
50280	469.13
50290	469.11
50300	469.13
50310	469.11
50320	469.08
50330	469.1
50340	469.1
50350	469.11
50360	469.12
50370	469.1
50380	469.11
50390	469.11
50400	469.1
50410	469.11
50420	469.14
50430	469.17
50440	469.19
50450	469.2
50460	469.2
50470	469.22
50480	469.23
50490	469.24
50500	469.26
50510	469.27
50520	469.24
50530	469.27
50540	469.3
50550	469.35
50560	469.32
50570	469.34
50580	469.34
50590	469.34
50600	469.31
50610	469.28
50620	469.27
50630	469.28
50640	469.28
50650	469.32
50660	469.32
50670	469.35
50680	469.33
50690	469.3
50700	469.31
50710	469.33
50720	469.33
50730	469.36
50740	469.38
50750	469.42
50760	469.44
50770	469.46
50780	469.43
50790	469.47
50800	469.51
50810	469.54
50820	469.51
50830	469.55
50840	469.55
50850	469.55
50860	469.52
50870	469.51
50880	469.53
50890	469.5
50900	469.5
50910	469.57
50920	469.56
50930	469.57
50940	469.57
50950	469.63
50960	469.67
50970	469.65
50980	469.62
50990	469.62
51000	469.64
51010	469.69
51020	469.66
51030	469.66
51040	469.69
51050	469.72
51060	469.69
51070	469.65
51080	469.66
51090	469.65
51100	469.64
51110	469.65
51120	469.7
51130	469.74
51140	469.7
51150	469.71
51160	469.71
51170	469.73
51180	469.74
51190	469.75
51200	469.78
51210	469.79
51220	469.8
51230	469.8
51240	469.83
51250	469.87
51260	469.87
51270	469.91
51280	469.95
51290	469.97
51300	469.99
51310	469.98
51320	469.95
51330	469.98
51340	470.0
51350	470.0
51360	469.99
51370	469.99
51380	470.01
51390	470.03
51400	470.05
51410	470.06
51420	470.1
51430	470.1
51440	470.12
51450	470.12
51460	470.1
51470	470.12
51480	470.14
51490	470.15
51500	470.2
51510	470.22
51520	470.23
51530	470.25
51540	470.23
51550	470.24
51560	470.26
51570	470.28
51580	470.27
51590	470.29
51600	470.3
51610	470.31
51620	470.32
51630	470.32
51640	470.34
51650	470.34
51660	470.36
51670	470.34
51680	470.32
51690	470.35
51700	470.36
51710	470.36
51720	470.35
51730	470.34
51740	470.4
51750	470.39
51760	470.41
51770	470.42
51780	470.44
51790	470.42
51800	470.44
51810	470.49
51820	470.5
51830	470.54
51840	470.54
51850	470.54
51860	470.53
51870	470.54
51880	470.58
51890	470.64
51900	470.66
51910	470.67
51920	470.66
51930	470.65
51940	470.66
51950	470.71
51960	470.72
51970	470.74
51980	470.75
51990	470.71
52000	470.71
52010	470.7
52020	470.72
52030	470.72
52040	470.71
52050	470.71
52060	470.73
52070	470.72
52080	470.73
52090	470.74
52100	470.72
52110	470.73
52120	470.75
52130	470.76
52140	470.76
52150	470.8
52160	470.8
52170	470.78
52180	470.85
52190	470.88
52200	470.9
52210	470.91
52220	470.91
52230	470.92
52240	470.94
52250	470.92
52260	470.92
52270	470.95
52280	470.97
52290	470.95
52300	470.96
52310	470.95
52320	470.96
52330	471.0
52340	471.01
52350	471.02
52360	471.02
52370	471.01
52380	471.04
52390	471.04
52400	471.05
52410	471.06
52420	471.03
52430	471.02
52440	471.05
52450	471.02
52460	471.04
52470	471.03
52480	471.02
52490	471.05
52500	471.06
52510	471.08
52520	471.08
52530	471.1
52540	471.1
52550	471.14
52560	471.17
52570	471.19
52580	471.21
52590	471.18
52600	471.2
52610	471.24
52620	471.24
52630	471.28
52640	471.29
52650	471.29
52660	471.34
52670	471.35
52680	471.37
52690	471.42
52700	471.45
52710	471.45
52720	471.48
52730	471.51
52740	471.52
52750	471.53
52760	471.54
52770	471.57
52780	471.61
52790	471.59
52800	471.59
52810	471.62
52820	471.64
52830	471.66
52840	471.68
52850	471.71
52860	471.7
52870	471.71
52880	471.73
52890	471.75
52900	471.74
52910	471.77
52920	471.77
52930	471.8
52940	471.83
52950	471.83
52960	471.83
52970	471.84
52980	471.84
52990	471.86
53000	471.87
53010	471.84
53020	471.86
53030	471.9
53040	471.91
53050	471.9
53060	471.91
53070	471.95
53080	471.99
53090	471.98
53100	471.96
53110	471.95
53120	471.94
53130	471.94
53140	471.93
53150	471.92
53160	471.93
53170	471.91
53180	471.91
53190	471.89
53200	471.88
53210	471.89
53220	471.88
53230	471.88
53240	471.84
53250	471.85
53260	471.86
53270	471.86
53280	471.86
53290	471.87
53300	471.88
53310	471.92
53320	471.9
53330	471.94
53340	471.95
53350	471.96
53360	471.97
53370	471.98
53380	471.99
53390	472.04
53400	472.07
53410	472.09
53420	472.09
53430	472.1
53440	472.08
53450	472.1
53460	472.09
53470	472.1
53480	472.08
53490	472.1
53500	472.13
53510	472.11
53520	472.15
53530	472.2
53540	472.18
53550	472.19
53560	472.14
53570	472.14
53580	472.14
53590	472.18
53600	472.19
53610	472.19
53620	472.18
53630	472.2
53640	472.24
53650	472.25
53660	472.28
53670	472.27
53680	472.27
53690	472.25
53700	472.26
53710	472.27
53720	472.24
53730	472.27
53740	472.24
53750	472.25
53760	472.27
53770	472.31
53780	472.33
53790	472.37
53800	472.35
53810	472.36
53820	472.4
53830	472.41
53840	472.44
53850	472.46
53860	472.48
53870	472.5
53880	472.53
53890	472.55
53900	472.57
53910	472.58
53920	472.57
53930	472.58
53940	472.65
53950	472.66
53960	472.64
53970	472.67
53980	472.7
53990	472.69
54000	472.71
54010	472.74
54020	472.73
54030	472.74
54040	472.76
54050	472.77
54060	472.74
54070	472.76
54080	472.77
54090	472.78
54100	472.78
54110	472.77
54120	472.76
54130	472.74
54140	472.74
54150	472.74
54160	472.77
54170	472.79
54180	472.79
54190	472.79
54200	472.81
54210	472.82
54220	472.83
54230	472.84
54240	472.85
54250	472.86
54260	472.84
54270	472.85
54280	472.86
54290	472.87
54300	472.85
54310	472.84
54320	472.82
54330	472.81
54340	472.82
54350	472.86
54360	472.91
54370	472.92
54380	472.95
54390	472.96
54400	472.96
54410	472.97
54420	472.98
54430	472.94
54440	472.96
54450	472.93
54460	472.93
54470	472.95
54480	472.99
54490	472.92
54500	472.94
54510	472.94
54520	472.94
54530	472.94
54540	472.93
54550	472.95
54560	473.0
54570	473.03
54580	473.05
54590	473.1
54600	473.13
54610	473.14
54620	473.17
54630	473.19
54640	473.21
54650	473.14
54660	473.17
54670	473.18
54680	473.19
54690	473.2
54700	473.21
54710	473.24
54720	473.23
54730	473.24
54740	473.27
54750	473.28
54760	473.31
54770	473.33
54780	473.35
54790	473.4
54800	473.43
54810	473.48
54820	473.49
54830	473.51
54840	473.52
54850	473.52
54860	473.54
54870	473.55
54880	473.55
54890	473.55
54900	473.57
54910	473.6
54920	473.61
54930	473.65
54940	473.68
54950	473.69
54960	473.73
54970	473.74
54980	473.73
54990	473.73
55000	473.71
55010	473.72
55020	473.74
55030	473.77
55040	473.76
55050	473.73
55060	473.73
55070	473.75
55080	473.78
55090	473.78
55100	473.77
55110	473.79
55120	473.79
55130	473.79
55140	473.78
55150	473.8
55160	473.79
55170	473.78
55180	473.78
55190	473.81
55200	473.82
55210	473.82
55220	473.84
55230	473.84
55240	473.83
55250	473.85
55260	473.84
55270	473.86
55280	473.85
55290	473.84
55300	473.83
55310	473.84
55320	473.86
55330	473.86
55340	473.89
55350	473.89
55360	473.88
55370	473.85
55380	473.86
55390	473.86
55400	473.86
55410	473.86
55420	473.87
55430	473.86
55440	473.86
55450	473.89
55460	473.9
55470	473.88
55480	473.9
55490	473.88
55500	473.91
55510	473.96
55520	473.93
55530	473.89
55540	473.93
55550	473.92
55560	473.95
55570	473.95
55580	473.91
55590	473.93
55600	473.93
55610	473.98
55620	474.03
55630	474.03
55640	474.03
55650	474.02
55660	474.04
55670	474.07
55680	474.07
55690	474.09
55700	474.13
55710	474.16
55720	474.19
55730	474.2
55740	474.22
55750	474.19
55760	474.21
55770	474.23
55780	474.28
55790	474.29
55800	474.33
55810	474.36
55820	474.36
55830	474.35
55840	474.34
55850	474.36
55860	474.38
55870	474.36
55880	474.38
55890	474.39
55900	474.41
55910	474.4
55920	474.39
55930	474.41
55940	474.45
55950	474.45
55960	474.48
55970	474.48
55980	474.49
55990	474.49
56000	474.48
56010	474.5
56020	474.49
56030	474.51
56040	474.5
56050	474.5
56060	474.49
56070	474.49
56080	474.51
56090	474.53
56100	474.51
56110	474.52
56120	474.54
56130	474.54
56140	474.51
56150	474.51
56160	474.51
56170	474.54
56180	474.54
56190	474.53
56200	474.54
56210	474.56
56220	474.57
56230	474.58
56240	474.6
56250	474.6
56260	474.6
56270	474.61
56280	474.62
56290	474.65
56300	474.68
56310	474.67
56320	474.69
56330	474.68
56340	474.7
56350	474.72
56360	474.74
56370	474.71
56380	474.74
56390	474.77
56400	474.78
56410	474.8
56420	474.82
56430	474.82
56440	474.82
56450	474.81
56460	474.82
56470	474.82
56480	474.85
56490	474.86
56500	474.88
56510	474.88
56520	474.87
56530	474.87
56540	474.89
56550	474.92
56560	474.96
56570	474.96
56580	474.98
56590	475.04
56600	475.04
56610	475.05
56620	475.02
56630	475.03
56640	475.03
56650	475.04
56660	475.08
56670	475.13
56680	475.17
56690	475.14
56700	475.15
56710	475.14
56720	475.16
56730	475.17
56740	475.17
56750	475.14
56760	475.12
56770	475.16
56780	475.19
56790	475.2
56800	475.19
56810	475.16
56820	475.17
56830	475.16
56840	475.16
56850	475.18
56860	475.2
56870	475.22
56880	475.26
56890	475.26
56900	475.28
56910	475.29
56920	475.31
56930	475.27
56940	475.3
56950	475.29
56960	475.32
56970	475.34
56980	475.3
56990	475.31
57000	475.35
57010	475.36
57020	475.42
57030	475.42
57040	475.4
57050	475.4
57060	475.36
57070	475.35
57080	475.34
57090	475.34
57100	475.4
57110	475.4
57120	475.41
57130	475.39
57140	475.39
57150	475.4
57160	475.41
57170	475.41
57180	475.41
57190	475.42
57200	475.42
57210	475.4
57220	475.42
57230	475.46
57240	475.52
57250	475.6
57260	475.6
57270	475.64
57280	475.67
57290	475.69
57300	475.7
57310	475.71
57320	475.69
57330	475.71
57340	475.72
57350	475.71
57360	475.7
57370	475.71
57380	475.72
57390	475.73
57400	475.73
57410	475.71
57420	475.73
57430	475.72
57440	475.75
57450	475.76
57460	475.77
57470	475.78
57480	475.77
57490	475.77
57500	475.75
57510	475.78
57520	475.8
57530	475.82
57540	475.87
57550	475.9
57560	475.91
57570	475.91
57580	475.91
57590	475.94
57600	475.94
57610	475.94
57620	475.94
57630	475.93
57640	475.93
57650	475.94
57660	475.95
57670	475.93
57680	475.93
57690	475.91
57700	475.92
57710	475.93
57720	475.94
57730	475.95
57740	475.99
57750	476.0
57760	476.03
57770	476.04
57780	476.05
57790	476.04
57800	476.04
57810	476.06
57820	476.06
57830	476.06
57840	476.07
57850	476.07
57860	476.07
57870	476.09
57880	476.1
57890	476.11
57900	476.11
57910	476.1
57920	476.11
57930	476.11
57940	476.13
57950	476.1
57960	476.12
57970	476.15
57980	476.16
57990	476.18
58000	476.2
58010	476.23
58020	476.25
58030	476.27
58040	476.28
58050	476.3
58060	476.29
58070	476.27
58080	476.26
58090	476.26
58100	476.28
58110	476.3
58120	476.3
58130	476.3
58140	476.31
58150	476.33
58160	476.33
58170	476.32
58180	476.29
58190	476.31
58200	476.36
58210	476.38
58220	476.39
58230	476.4
58240	476.4
58250	476.42
58260	476.41
58270	476.42
58280	476.45
58290	476.51
58300	476.52
58310	476.5
58320	476.49
58330	476.52
58340	476.55
58350	476.55
58360	476.57
58370	476.57
58380	476.58
58390	476.58
58400	476.6
58410	476.59
58420	476.59
58430	476.57
58440	476.54
58450	476.57
58460	476.57
58470	476.58
58480	476.58
58490	476.58
58500	476.58
58510	476.58
58520	476.57
58530	476.56
58540	476.59
58550	476.62
58560	476.62
58570	476.61
58580	476.63
58590	476.65
58600	476.64
58610	476.66
58620	476.66
58630	476.67
58640	476.67
58650	476.69
58660	476.7
58670	476.69
58680	476.72
58690	476.72
58700	476.71
58710	476.73
58720	476.72
58730	476.72
58740	476.75
58750	476.75
58760	476.76
58770	476.76
58780	476.76
58790	476.77
58800	476.76
58810	476.77
58820	476.79
58830	476.79
58840	476.8
58850	476.81
58860	476.82
58870	476.83
58880	476.83
58890	476.83
58900	476.83
58910	476.83
58920	476.83
58930	476.83
58940	476.83
58950	476.81
58960	476.81
58970	476.81
58980	476.81
58990	476.81
59000	476.82
59010	476.83
59020	476.84
59030	476.84
59040	476.82
59050	476.83
59060	476.83
59070	476.83
59080	476.83
59090	476.83
59100	476.83
59110	476.81
59120	476.81
59130	476.81
59140	476.82
59150	476.84
59160	476.85
59170	476.86
59180	476.86
59190	476.87
59200	476.88
59210	476.9
59220	476.9
59230	476.91
59240	476.91
59250	476.9
59260	476.89
59270	476.89
59280	476.89
59290	476.9
59300	476.9
59310	476.91
59320	476.9
59330	476.9
59340	476.9
59350	476.91
59360	476.91
59370	476.89
59380	476.89
59390	476.91
59400	476.96
59410	476.98
59420	476.98
59430	476.97
59440	477.0
59450	477.0
59460	476.99
59470	477.02
59480	477.05
59490	477.05
59500	477.04
59510	477.07
59520	477.07
59530	477.1
59540	477.12
59550	477.13
59560	477.14
59570	477.15
59580	477.16
59590	477.18
59600	477.17
59610	477.16
59620	477.19
59630	477.19
59640	477.18
59650	477.23
59660	477.22
59670	477.18
59680	477.2
59690	477.21
59700	477.2
59710	477.18
59720	477.14
59730	477.13
59740	477.13
59750	477.14
59760	477.14
59770	477.12
59780	477.15
59790	477.14
59800	477.13
59810	477.14
59820	477.12
59830	477.15
59840	477.14
59850	477.18
59860	477.18
59870	477.18
59880	477.22
59890	477.21
59900	477.22
59910	477.22
59920	477.23
59930	477.24
59940	477.3
59950	477.26
59960	477.28
59970	477.3
59980	477.31
59990	477.33
60000	477.33
