10	0.17
20	0.49
30	0.57
40	0.96
50	1.19
60	1.3
70	1.79
80	2.09
90	2.29
100	2.48
110	2.78
120	3.03
130	3.48
140	3.74
150	4.14
160	4.52
170	4.84
180	5.05
190	5.46
200	5.71
210	6.06
220	6.41
230	6.67
240	6.8
250	7.18
260	7.42
270	7.55
280	7.99
290	7.93
300	8.22
310	8.76
320	8.93
330	9.18
340	9.49
350	9.63
360	10.12
370	10.43
380	11.04
390	11.29
400	11.44
410	11.8
420	12.09
430	12.38
440	12.49
450	12.84
460	12.97
470	13.28
480	13.17
490	13.22
500	13.44
510	13.54
520	13.82
530	14.16
540	14.44
550	14.7
560	14.85
570	15.14
580	15.34
590	15.78
600	16.17
610	16.49
620	16.93
630	17.25
640	17.53
650	17.83
660	18.18
670	18.42
680	18.87
690	19.16
700	19.4
710	19.51
720	19.78
730	19.98
740	20.19
750	20.29
760	20.57
770	20.68
780	21.03
790	21.27
800	21.65
810	21.97
820	22.25
830	22.31
840	22.7
850	23.12
860	23.27
870	23.65
880	23.9
890	24.2
900	24.36
910	24.61
920	24.93
930	25.12
940	25.24
950	25.53
960	25.95
970	26.25
980	26.54
990	26.9
1000	26.88
1010	27.1
1020	27.44
1030	27.66
1040	27.86
1050	28.04
1060	28.19
1070	28.4
1080	28.62
1090	28.99
1100	29.02
1110	29.14
1120	29.31
1130	29.63
1140	29.72
1150	30.01
1160	30.42
1170	30.74
1180	31.15
1190	31.36
1200	31.53
1210	31.77
1220	32.02
1230	32.23
1240	32.63
1250	33.05
1260	33.4
1270	33.57
1280	33.96
1290	34.22
1300	34.59
1310	35.03
1320	35.39
1330	35.7
1340	35.9
1350	35.96
1360	36.29
1370	36.68
1380	36.76
1390	37.13
1400	37.27
1410	37.5
1420	37.69
1430	38.07
1440	38.34
1450	38.38
1460	38.67
1470	38.86
1480	39.35
1490	39.55
1500	40.03
1510	40.55
1520	40.84
1530	41.06
1540	41.45
1550	41.6
1560	41.87
1570	42.26
1580	42.49
1590	43.0
1600	43.28
1610	43.38
1620	43.43
1630	43.64
1640	43.66
1650	43.82
1660	44.24
1670	44.48
1680	44.68
1690	44.81
1700	45.34
1710	45.59
1720	45.95
1730	46.04
1740	46.26
1750	46.57
1760	46.75
1770	47.12
1780	47.61
1790	47.73
1800	48.03
1810	48.29
1820	48.73
1830	48.92
1840	49.15
1850	49.37
1860	49.7
1870	49.68
1880	49.69
1890	50.14
1900	50.39
1910	50.65
1920	50.89
1930	51.17
1940	51.67
1950	51.94
1960	52.06
1970	52.36
1980	52.7
1990	52.99
2000	53.26
2010	53.83
2020	54.21
2030	54.53
2040	54.71
2050	54.9
2060	55.13
2070	55.61
2080	55.74
2090	56.01
2100	56.28
2110	56.64
2120	57.03
2130	57.44
2140	57.81
2150	58.18
2160	58.53
2170	58.86
2180	59.1
2190	59.3
2200	59.63
2210	59.79
2220	60.1
2230	60.53
2240	61.03
2250	61.48
2260	61.72
2270	61.96
2280	62.37
2290	62.56
2300	62.78
2310	63.11
2320	63.57
2330	63.96
2340	64.12
2350	64.26
2360	64.51
2370	64.82
2380	65.0
2390	65.24
2400	65.37
2410	65.71
2420	65.78
2430	66.06
2440	66.25
2450	66.49
2460	66.77
2470	66.9
2480	67.24
2490	67.45
2500	67.48
2510	67.81
2520	68.0
2530	68.3
2540	68.54
2550	68.89
2560	69.17
2570	69.35
2580	69.93
2590	70.26
2600	70.45
2610	70.62
2620	70.9
2630	71.18
2640	71.44
2650	71.6
2660	71.89
2670	72.01
2680	72.22
2690	72.54
2700	72.78
2710	72.95
2720	73.34
2730	73.71
2740	73.8
2750	74.09
2760	74.39
2770	74.69
2780	74.84
2790	75.18
2800	75.5
2810	75.75
2820	75.99
2830	76.23
2840	76.25
2850	76.43
2860	76.6
2870	76.97
2880	77.36
2890	77.41
2900	77.71
2910	78.02
2920	78.45
2930	78.62
2940	78.6
2950	78.78
2960	79.11
2970	79.41
2980	79.76
2990	80.01
3000	80.41
3010	80.72
3020	80.98
3030	81.3
3040	81.53
3050	81.88
3060	82.22
3070	82.64
3080	82.82
3090	83.07
3100	83.5
3110	83.8
3120	84.32
3130	84.58
3140	84.88
3150	85.24
3160	85.67
3170	86.18
3180	86.71
3190	86.99
3200	87.24
3210	87.51
3220	87.52
3230	87.86
3240	88.27
3250	88.33
3260	88.5
3270	88.79
3280	89.25
3290	89.32
3300	89.59
3310	89.73
3320	89.81
3330	89.96
3340	90.02
3350	90.24
3360	90.58
3370	90.7
3380	90.79
3390	91.16
3400	91.48
3410	91.7
3420	91.94
3430	92.36
3440	92.62
3450	92.93
3460	93.12
3470	93.44
3480	93.69
3490	93.96
3500	94.42
3510	94.62
3520	94.91
3530	95.31
3540	95.76
3550	96.06
3560	96.28
3570	96.53
3580	96.69
3590	96.87
3600	97.13
3610	97.55
3620	97.79
3630	98.12
3640	98.46
3650	98.78
3660	99.03
3670	99.13
3680	99.6
3690	99.94
3700	100.2
3710	100.69
3720	101.07
3730	101.29
3740	101.55
3750	101.88
3760	102.03
3770	102.37
3780	102.74
3790	103.06
3800	103.31
3810	103.6
3820	103.92
3830	103.9
3840	104.19
3850	104.16
3860	104.45
3870	104.68
3880	105.12
3890	105.41
3900	105.39
3910	105.61
3920	106.01
3930	106.21
3940	106.49
3950	106.82
3960	107.03
3970	107.4
3980	107.64
3990	107.99
4000	108.27
4010	108.57
4020	108.93
4030	109.45
4040	110.1
4050	110.3
4060	110.49
4070	110.66
4080	110.93
4090	111.3
4100	111.64
4110	111.93
4120	112.18
4130	112.36
4140	112.68
4150	112.77
4160	112.97
4170	113.13
4180	113.43
4190	113.58
4200	113.99
4210	114.36
4220	114.73
4230	115.14
4240	115.48
4250	115.77
4260	116.02
4270	116.1
4280	116.47
4290	116.82
4300	117.25
4310	117.54
4320	117.82
4330	118.29
4340	118.44
4350	118.76
4360	119.2
4370	119.49
4380	119.77
4390	120.22
4400	120.34
4410	120.6
4420	121.01
4430	121.41
4440	121.62
4450	121.88
4460	122.11
4470	122.46
4480	122.55
4490	122.77
4500	123.02
4510	123.28
4520	123.36
4530	123.54
4540	123.79
4550	124.27
4560	124.63
4570	124.74
4580	124.88
4590	125.16
4600	125.45
4610	125.52
4620	125.88
4630	126.15
4640	126.47
4650	126.74
4660	127.03
4670	127.26
4680	127.44
4690	127.67
4700	127.89
4710	128.07
4720	128.38
4730	128.49
4740	128.67
4750	128.87
4760	129.07
4770	129.29
4780	129.55
4790	129.91
4800	130.19
4810	130.42
4820	130.59
4830	130.8
4840	130.92
4850	131.0
4860	131.37
4870	131.52
4880	131.64
4890	131.91
4900	132.18
4910	132.26
4920	132.56
4930	132.74
4940	132.92
4950	133.29
4960	133.63
4970	134.08
4980	134.27
4990	134.5
5000	134.49
5010	134.6
5020	134.83
5030	135.21
5040	135.47
5050	135.79
5060	135.99
5070	136.23
5080	136.47
5090	136.68
5100	136.9
5110	137.15
5120	137.03
5130	137.4
5140	137.53
5150	137.75
5160	138.0
5170	138.08
5180	138.34
5190	138.59
5200	138.92
5210	139.5
5220	139.68
5230	139.95
5240	140.28
5250	140.4
5260	140.49
5270	140.83
5280	141.01
5290	141.24
5300	141.65
5310	141.9
5320	142.24
5330	142.49
5340	142.67
5350	142.97
5360	143.31
5370	143.39
5380	143.69
5390	143.78
5400	144.1
5410	144.25
5420	144.31
5430	144.39
5440	144.86
5450	145.26
5460	145.55
5470	145.83
5480	145.91
5490	146.25
5500	146.75
5510	147.06
5520	147.42
5530	147.57
5540	147.95
5550	148.37
5560	148.75
5570	148.96
5580	149.16
5590	149.31
5600	149.56
5610	149.89
5620	150.25
5630	150.61
5640	150.97
5650	151.12
5660	151.27
5670	151.56
5680	152.12
5690	152.48
5700	152.83
5710	152.92
5720	152.98
5730	153.23
5740	153.42
5750	153.82
5760	154.09
5770	154.34
5780	154.61
5790	154.75
5800	155.01
5810	155.4
5820	155.47
5830	155.5
5840	155.9
5850	156.16
5860	156.24
5870	156.43
5880	156.56
5890	156.93
5900	157.18
5910	157.52
5920	157.84
5930	158.13
5940	158.26
5950	158.43
5960	158.71
5970	158.99
5980	159.09
5990	159.53
6000	159.82
6010	160.19
6020	160.41
6030	160.67
6040	160.81
6050	160.92
6060	161.04
6070	161.26
6080	161.49
6090	161.59
6100	161.94
6110	162.09
6120	162.47
6130	162.63
6140	162.79
6150	162.92
6160	163.06
6170	163.17
6180	163.4
6190	163.66
6200	163.95
6210	164.38
6220	164.63
6230	164.86
6240	165.06
6250	165.24
6260	165.46
6270	165.7
6280	165.94
6290	166.37
6300	166.63
6310	166.82
6320	167.23
6330	167.53
6340	167.73
6350	167.82
6360	168.08
6370	168.38
6380	168.57
6390	168.86
6400	169.08
6410	169.49
6420	169.9
6430	170.11
6440	170.38
6450	170.55
6460	170.75
6470	170.92
6480	171.33
6490	171.56
6500	171.72
6510	172.03
6520	172.2
6530	172.41
6540	172.76
6550	172.95
6560	173.17
6570	173.4
6580	173.6
6590	173.86
6600	174.07
6610	174.41
6620	174.65
6630	174.92
6640	175.3
6650	175.48
6660	175.72
6670	175.96
6680	176.1
6690	176.29
6700	176.55
6710	176.91
6720	177.07
6730	177.32
6740	177.65
6750	177.97
6760	178.32
6770	178.51
6780	178.89
6790	178.95
6800	179.32
6810	179.63
6820	179.88
6830	180.03
6840	180.34
6850	180.53
6860	180.59
6870	180.94
6880	181.28
6890	181.58
6900	181.89
6910	181.97
6920	182.33
6930	182.4
6940	182.63
6950	182.84
6960	182.97
6970	183.07
6980	183.3
6990	183.41
7000	183.74
7010	184.1
7020	184.35
7030	184.69
7040	184.9
7050	185.27
7060	185.38
7070	185.57
7080	185.85
7090	186.27
7100	186.56
7110	186.94
7120	187.21
7130	187.45
7140	187.71
7150	187.93
7160	188.24
7170	188.58
7180	188.74
7190	188.89
7200	188.99
7210	189.13
7220	189.48
7230	189.68
7240	189.98
7250	190.21
7260	190.42
7270	190.47
7280	190.8
7290	190.96
7300	191.15
7310	191.19
7320	191.41
7330	191.84
7340	192.11
7350	192.29
7360	192.58
7370	192.73
7380	192.92
7390	193.2
7400	193.49
7410	193.58
7420	193.7
7430	193.92
7440	194.19
7450	194.4
7460	194.61
7470	194.63
7480	194.79
7490	195.13
7500	195.34
7510	195.56
7520	195.81
7530	196.07
7540	196.46
7550	196.81
7560	197.01
7570	197.23
7580	197.75
7590	198.17
7600	198.2
7610	198.43
7620	198.81
7630	199.1
7640	199.32
7650	199.5
7660	199.61
7670	199.91
7680	200.09
7690	200.25
7700	200.49
7710	200.85
7720	201.1
7730	201.16
7740	201.31
7750	201.66
7760	202.0
7770	202.18
7780	202.32
7790	202.5
7800	202.84
7810	202.98
7820	203.18
7830	203.43
7840	203.7
7850	203.83
7860	204.09
7870	204.49
7880	204.65
7890	204.77
7900	204.96
7910	205.24
7920	205.4
7930	205.71
7940	205.77
7950	205.92
7960	206.26
7970	206.32
7980	206.54
7990	206.61
8000	206.86
8010	206.92
8020	207.29
8030	207.45
8040	207.7
8050	207.72
8060	207.76
8070	208.13
8080	208.55
8090	208.8
8100	209.42
8110	209.59
8120	209.84
8130	210.02
8140	210.31
8150	210.47
8160	210.68
8170	210.86
8180	211.06
8190	211.29
8200	211.49
8210	211.71
8220	211.87
8230	212.04
8240	212.25
8250	212.39
8260	212.49
8270	212.82
8280	213.01
8290	213.32
8300	213.7
8310	213.86
8320	214.15
8330	214.12
8340	214.23
8350	214.43
8360	214.76
8370	214.81
8380	214.98
8390	215.33
8400	215.64
8410	215.84
8420	216.01
8430	216.35
8440	216.47
8450	216.66
8460	216.95
8470	217.28
8480	217.38
8490	217.51
8500	217.66
8510	217.8
8520	218.0
8530	218.18
8540	218.43
8550	218.58
8560	218.91
8570	218.97
8580	219.33
8590	219.59
8600	219.82
8610	220.21
8620	220.65
8630	221.06
8640	221.3
8650	221.58
8660	221.79
8670	221.99
8680	222.31
8690	222.4
8700	222.53
8710	222.88
8720	223.03
8730	223.23
8740	223.53
8750	223.78
8760	223.94
8770	224.25
8780	224.39
8790	224.62
8800	224.78
8810	225.11
8820	225.31
8830	225.64
8840	225.82
8850	226.09
8860	226.13
8870	226.47
8880	226.95
8890	227.13
8900	227.42
8910	227.56
8920	227.81
8930	227.97
8940	228.24
8950	228.6
8960	228.98
8970	229.24
8980	229.56
8990	229.64
9000	229.81
9010	230.02
9020	230.2
9030	230.4
9040	230.75
9050	230.9
9060	231.2
9070	231.4
9080	231.67
9090	231.83
9100	231.89
9110	232.04
9120	232.23
9130	232.49
9140	232.48
9150	232.61
9160	232.89
9170	233.14
9180	233.32
9190	233.44
9200	233.59
9210	233.85
9220	234.07
9230	234.14
9240	234.27
9250	234.37
9260	234.59
9270	234.77
9280	234.8
9290	234.9
9300	234.97
9310	235.16
9320	235.36
9330	235.72
9340	235.93
9350	236.09
9360	236.37
9370	236.49
9380	236.8
9390	237.02
9400	237.38
9410	237.57
9420	237.84
9430	238.03
9440	238.04
9450	238.25
9460	238.43
9470	238.63
9480	238.92
9490	239.19
9500	239.31
9510	239.68
9520	239.72
9530	240.04
9540	240.21
9550	240.32
9560	240.54
9570	240.6
9580	240.86
9590	241.04
9600	241.1
9610	241.32
9620	241.53
9630	241.67
9640	241.84
9650	242.09
9660	242.04
9670	242.3
9680	242.51
9690	242.66
9700	243.12
9710	243.35
9720	243.46
9730	243.76
9740	244.13
9750	244.52
9760	244.63
9770	244.86
9780	245.11
9790	245.41
9800	245.55
9810	245.78
9820	246.03
9830	246.37
9840	246.65
9850	247.08
9860	247.16
9870	247.34
9880	247.47
9890	247.6
9900	247.82
9910	248.1
9920	248.2
9930	248.54
9940	248.67
9950	248.99
9960	249.14
9970	249.33
9980	249.42
9990	249.65
10000	249.76
10010	250.0
10020	250.24
10030	250.33
10040	250.53
10050	250.85
10060	251.12
10070	251.3
10080	251.65
10090	251.8
10100	251.93
10110	252.15
10120	252.29
10130	252.57
10140	252.94
10150	253.06
10160	253.29
10170	253.53
10180	253.77
10190	254.06
10200	254.13
10210	254.46
10220	254.62
10230	254.9
10240	254.87
10250	255.12
10260	255.43
10270	255.56
10280	255.73
10290	255.87
10300	256.17
10310	256.36
10320	256.61
10330	256.86
10340	256.96
10350	257.27
10360	257.6
10370	257.77
10380	257.95
10390	258.29
10400	258.4
10410	258.55
10420	258.86
10430	258.98
10440	259.19
10450	259.51
10460	259.8
10470	259.99
10480	260.22
10490	260.57
10500	260.72
10510	260.93
10520	261.23
10530	261.54
10540	261.73
10550	261.9
10560	262.11
10570	262.36
10580	262.52
10590	262.66
10600	262.9
10610	263.1
10620	263.32
10630	263.47
10640	263.59
10650	263.76
10660	264.08
10670	264.17
10680	264.51
10690	264.59
10700	264.83
10710	264.87
10720	264.91
10730	265.05
10740	265.18
10750	265.43
10760	265.88
10770	266.16
10780	266.43
10790	266.56
10800	266.65
10810	266.99
10820	267.21
10830	267.29
10840	267.58
10850	267.67
10860	267.74
10870	268.04
10880	268.04
10890	268.19
10900	268.49
10910	268.69
10920	268.83
10930	269.17
10940	269.43
10950	269.63
10960	269.78
10970	269.89
10980	270.09
10990	270.42
11000	270.52
11010	270.61
11020	270.84
11030	271.1
11040	271.26
11050	271.49
11060	271.59
11070	271.67
11080	271.82
11090	271.98
11100	272.16
11110	272.32
11120	272.51
11130	272.85
11140	272.97
11150	273.36
11160	273.46
11170	273.62
11180	273.84
11190	273.94
11200	274.23
11210	274.4
11220	274.4
11230	274.48
11240	274.65
11250	274.73
11260	275.12
11270	275.33
11280	275.7
11290	275.99
11300	276.19
11310	276.25
11320	276.38
11330	276.6
11340	276.78
11350	276.92
11360	276.99
11370	277.22
11380	277.55
11390	277.7
11400	277.98
11410	278.23
11420	278.54
11430	278.68
11440	278.95
11450	279.27
11460	279.61
11470	279.79
11480	280.0
11490	280.17
11500	280.27
11510	280.47
11520	280.76
11530	281.01
11540	281.22
11550	281.45
11560	281.67
11570	282.04
11580	282.19
11590	282.44
11600	282.51
11610	282.77
11620	282.97
11630	283.01
11640	283.16
11650	283.36
11660	283.44
11670	283.55
11680	283.83
11690	284.0
11700	284.12
11710	284.3
11720	284.49
11730	284.58
11740	284.77
11750	285.03
11760	285.16
11770	285.55
11780	285.72
11790	285.96
11800	285.93
11810	286.18
11820	286.46
11830	286.88
11840	287.18
11850	287.56
11860	287.9
11870	288.06
11880	287.97
11890	288.13
11900	288.27
11910	288.38
11920	288.7
11930	288.91
11940	288.93
11950	289.09
11960	289.36
11970	289.46
11980	289.73
11990	290.03
12000	290.45
12010	290.66
12020	290.96
12030	291.28
12040	291.46
12050	291.61
12060	291.83
12070	292.17
12080	292.24
12090	292.39
12100	292.81
12110	293.01
12120	293.28
12130	293.27
12140	293.3
12150	293.35
12160	293.45
12170	293.6
12180	293.89
12190	294.04
12200	294.34
12210	294.49
12220	294.66
12230	294.71
12240	294.83
12250	294.79
12260	294.96
12270	295.07
12280	295.3
12290	295.56
12300	295.98
12310	296.18
12320	296.31
12330	296.44
12340	296.68
12350	296.79
12360	296.99
12370	297.37
12380	297.61
12390	297.97
12400	298.16
12410	298.33
12420	298.65
12430	298.81
12440	299.07
12450	299.43
12460	299.59
12470	299.7
12480	299.82
12490	300.01
12500	300.23
12510	300.31
12520	300.72
12530	300.86
12540	301.12
12550	301.24
12560	301.44
12570	301.77
12580	302.17
12590	302.36
12600	302.46
12610	302.59
12620	302.81
12630	303.05
12640	303.2
12650	303.38
12660	303.6
12670	303.94
12680	304.07
12690	304.22
12700	304.51
12710	304.75
12720	304.97
12730	305.13
12740	305.23
12750	305.57
12760	305.73
12770	305.88
12780	305.97
12790	306.34
12800	306.4
12810	306.61
12820	306.75
12830	306.92
12840	307.11
12850	307.28
12860	307.22
12870	307.47
12880	307.63
12890	307.89
12900	308.06
12910	308.22
12920	308.46
12930	308.76
12940	309.03
12950	309.51
12960	309.8
12970	309.95
12980	310.1
12990	310.22
13000	310.39
13010	310.7
13020	310.82
13030	310.91
13040	311.17
13050	311.05
13060	311.16
13070	311.34
13080	311.68
13090	311.88
13100	312.01
13110	312.16
13120	312.34
13130	312.44
13140	312.78
13150	312.94
13160	312.96
13170	313.13
13180	313.17
13190	313.25
13200	313.48
13210	313.77
13220	314.07
13230	314.33
13240	314.58
13250	314.75
13260	314.97
13270	315.41
13280	315.54
13290	315.8
13300	315.98
13310	315.98
13320	316.21
13330	316.35
13340	316.49
13350	316.71
13360	317.01
13370	317.21
13380	317.44
13390	317.6
13400	317.83
13410	318.01
13420	318.33
13430	318.51
13440	318.57
13450	318.88
13460	319.14
13470	319.28
13480	319.33
13490	319.46
13500	319.58
13510	319.68
13520	319.96
13530	320.1
13540	320.34
13550	320.66
13560	320.87
13570	321.04
13580	321.17
13590	321.28
13600	321.35
13610	321.53
13620	321.61
13630	321.83
13640	322.17
13650	322.34
13660	322.35
13670	322.3
13680	322.46
13690	322.55
13700	322.73
13710	322.97
13720	323.3
13730	323.33
13740	323.55
13750	323.72
13760	323.84
13770	324.17
13780	324.28
13790	324.27
13800	324.29
13810	324.61
13820	324.73
13830	324.89
13840	325.02
13850	325.1
13860	325.32
13870	325.55
13880	325.67
13890	325.69
13900	326.17
13910	326.39
13920	326.59
13930	326.79
13940	326.97
13950	327.16
13960	327.36
13970	327.51
13980	327.79
13990	328.06
14000	328.25
14010	328.59
14020	328.74
14030	329.14
14040	329.37
14050	329.51
14060	329.87
14070	330.03
14080	330.21
14090	330.38
14100	330.62
14110	330.82
14120	331.09
14130	331.39
14140	331.52
14150	331.75
14160	331.98
14170	332.15
14180	332.22
14190	332.47
14200	332.52
14210	332.61
14220	332.69
14230	332.89
14240	333.05
14250	333.3
14260	333.39
14270	333.59
14280	333.72
14290	333.9
14300	334.13
14310	334.24
14320	334.48
14330	334.52
14340	334.75
14350	335.04
14360	335.11
14370	335.29
14380	335.52
14390	335.61
14400	335.7
14410	335.66
14420	335.88
14430	336.17
14440	336.41
14450	336.74
14460	336.83
14470	336.98
14480	337.24
14490	337.46
14500	337.59
14510	337.72
14520	337.91
14530	338.2
14540	338.45
14550	338.46
14560	338.64
14570	338.85
14580	339.05
14590	339.35
14600	339.52
14610	339.54
14620	339.86
14630	340.08
14640	340.27
14650	340.58
14660	340.86
14670	340.97
14680	341.11
14690	341.39
14700	341.6
14710	341.93
14720	342.16
14730	342.33
14740	342.76
14750	342.77
14760	342.99
14770	343.12
14780	343.36
14790	343.54
14800	343.57
14810	343.94
14820	343.99
14830	344.27
14840	344.54
14850	344.62
14860	344.73
14870	344.88
14880	345.17
14890	345.3
14900	345.43
14910	345.68
14920	345.84
14930	346.08
14940	346.39
14950	346.59
14960	346.75
14970	346.97
14980	347.07
14990	347.25
15000	347.57
15010	347.66
15020	347.93
15030	348.14
15040	348.28
15050	348.47
15060	348.89
15070	349.09
15080	349.04
15090	349.33
15100	349.64
15110	349.89
15120	350.14
15130	350.43
15140	350.67
15150	350.87
15160	351.04
15170	351.3
15180	351.34
15190	351.49
15200	351.78
15210	352.19
15220	352.35
15230	352.58
15240	352.96
15250	353.13
15260	353.41
15270	353.5
15280	353.52
15290	353.75
15300	353.85
15310	354.03
15320	354.13
15330	354.46
15340	354.45
15350	354.49
15360	354.65
15370	354.71
15380	355.05
15390	355.26
15400	355.45
15410	355.54
15420	355.84
15430	355.92
15440	356.13
15450	356.43
15460	356.51
15470	356.54
15480	356.72
15490	357.01
15500	357.15
15510	357.45
15520	357.57
15530	357.7
15540	357.74
15550	357.9
15560	358.05
15570	358.43
15580	358.69
15590	358.81
15600	359.03
15610	359.2
15620	359.36
15630	359.33
15640	359.75
15650	359.94
15660	360.18
15670	360.4
15680	360.58
15690	360.82
15700	361.0
15710	361.17
15720	361.33
15730	361.44
15740	361.62
15750	361.8
15760	361.79
15770	362.07
15780	362.25
15790	362.47
15800	362.67
15810	362.77
15820	362.92
15830	363.09
15840	363.17
15850	363.28
15860	363.22
15870	363.41
15880	363.57
15890	363.74
15900	363.94
15910	364.24
15920	364.3
15930	364.61
15940	364.65
15950	364.76
15960	364.83
15970	365.2
15980	365.46
15990	365.61
16000	365.64
16010	365.77
16020	366.1
16030	366.4
16040	366.63
16050	366.57
16060	366.68
16070	366.93
16080	366.98
16090	367.09
16100	367.25
16110	367.33
16120	367.72
16130	368.08
16140	368.19
16150	368.37
16160	368.48
16170	368.56
16180	368.72
16190	368.97
16200	369.27
16210	369.37
16220	369.7
16230	369.95
16240	370.1
16250	370.43
16260	370.56
16270	370.71
16280	371.0
16290	371.2
16300	371.4
16310	371.38
16320	371.68
16330	371.82
16340	372.1
16350	372.18
16360	372.42
16370	372.73
16380	372.78
16390	372.87
16400	373.2
16410	373.36
16420	373.58
16430	373.77
16440	373.73
16450	373.85
16460	374.15
16470	374.34
16480	374.32
16490	374.62
16500	374.8
16510	374.81
16520	374.92
16530	375.26
16540	375.53
16550	375.57
16560	375.67
16570	375.87
16580	376.24
16590	376.45
16600	376.57
16610	376.8
16620	377.15
16630	377.33
16640	377.47
16650	377.67
16660	377.97
16670	378.14
16680	378.24
16690	378.24
16700	378.45
16710	378.65
16720	378.7
16730	378.96
16740	379.17
16750	379.25
16760	379.4
16770	379.51
16780	379.71
16790	379.85
16800	380.08
16810	380.23
16820	380.37
16830	380.68
16840	380.88
16850	380.98
16860	381.21
16870	381.35
16880	381.48
16890	381.47
16900	381.69
16910	381.78
16920	382.13
16930	382.51
16940	382.65
16950	382.78
16960	382.92
16970	383.26
16980	383.53
16990	383.59
17000	383.8
17010	384.0
17020	384.08
17030	384.2
17040	384.33
17050	384.47
17060	384.76
17070	384.84
17080	385.03
17090	385.27
17100	385.5
17110	385.76
17120	385.88
17130	386.07
17140	386.27
17150	386.3
17160	386.43
17170	386.53
17180	386.79
17190	387.0
17200	387.27
17210	387.28
17220	387.51
17230	387.81
17240	387.79
17250	387.96
17260	388.14
17270	388.4
17280	388.5
17290	388.62
17300	388.88
17310	389.08
17320	389.29
17330	389.46
17340	389.61
17350	389.91
17360	390.15
17370	390.42
17380	390.47
17390	390.57
17400	390.72
17410	390.98
17420	391.3
17430	391.35
17440	391.59
17450	391.8
17460	392.06
17470	392.12
17480	392.39
17490	392.4
17500	392.54
17510	392.5
17520	392.64
17530	392.78
17540	393.04
17550	393.29
17560	393.6
17570	393.77
17580	393.95
17590	394.05
17600	394.2
17610	394.32
17620	394.51
17630	394.61
17640	394.72
17650	395.03
17660	395.45
17670	395.71
17680	395.94
17690	396.0
17700	396.1
17710	396.33
17720	396.42
17730	396.58
17740	396.72
17750	396.91
17760	397.12
17770	397.08
17780	397.26
17790	397.53
17800	397.69
17810	397.88
17820	398.0
17830	398.06
17840	398.02
17850	398.21
17860	398.33
17870	398.43
17880	398.49
17890	398.62
17900	398.85
17910	399.09
17920	399.22
17930	399.35
17940	399.6
17950	399.73
17960	399.93
17970	400.14
17980	400.16
17990	400.4
18000	400.64
18010	400.69
18020	400.83
18030	400.92
18040	401.08
18050	401.15
18060	401.22
18070	401.45
18080	401.71
18090	401.87
18100	402.02
18110	402.0
18120	402.19
18130	402.27
18140	402.37
18150	402.38
18160	402.51
18170	402.69
18180	402.84
18190	403.14
18200	403.25
18210	403.49
18220	403.78
18230	403.83
18240	403.99
18250	404.02
18260	404.21
18270	404.35
18280	404.46
18290	404.6
18300	404.65
18310	404.85
18320	404.97
18330	405.12
18340	405.24
18350	405.29
18360	405.46
18370	405.53
18380	405.55
18390	405.82
18400	405.9
18410	406.03
18420	406.26
18430	406.38
18440	406.56
18450	406.74
18460	406.86
18470	407.0
18480	407.12
18490	407.35
18500	407.54
18510	407.64
18520	408.04
18530	408.24
18540	408.33
18550	408.66
18560	408.55
18570	408.77
18580	408.94
18590	409.18
18600	409.3
18610	409.41
18620	409.62
18630	409.61
18640	409.86
18650	410.16
18660	410.27
18670	410.44
18680	410.79
18690	411.08
18700	411.18
18710	411.47
18720	411.54
18730	411.6
18740	411.67
18750	411.66
18760	411.8
18770	412.0
18780	411.99
18790	412.15
18800	412.31
18810	412.43
18820	412.62
18830	412.78
18840	412.96
18850	413.02
18860	413.26
18870	413.6
18880	413.78
18890	413.82
18900	414.05
18910	414.29
18920	414.42
18930	414.59
18940	414.7
18950	414.82
18960	414.99
18970	414.99
18980	415.15
18990	415.38
19000	415.48
19010	415.72
19020	416.01
19030	416.19
19040	416.28
19050	416.63
19060	416.71
19070	416.82
19080	417.08
19090	417.03
19100	417.09
19110	417.32
19120	417.41
19130	417.52
19140	417.64
19150	417.76
19160	417.92
19170	418.24
19180	418.48
19190	418.44
19200	418.62
19210	418.64
19220	418.87
19230	419.03
19240	419.37
19250	419.48
19260	419.68
19270	419.95
19280	420.02
19290	420.12
19300	420.34
19310	420.73
19320	420.78
19330	420.98
19340	421.13
19350	421.39
19360	421.6
19370	421.82
19380	421.91
19390	422.14
19400	422.24
19410	422.35
19420	422.51
19430	422.47
19440	422.51
19450	422.68
19460	422.74
19470	422.84
19480	422.9
19490	422.93
19500	423.15
19510	423.3
19520	423.51
19530	423.68
19540	423.87
19550	424.12
19560	424.3
19570	424.5
19580	424.49
19590	424.63
19600	424.79
19610	424.93
19620	425.06
19630	425.23
19640	425.4
19650	425.45
19660	425.74
19670	425.85
19680	426.15
19690	426.29
19700	426.4
19710	426.55
19720	426.74
19730	426.87
19740	426.95
19750	427.0
19760	427.17
19770	427.36
19780	427.63
19790	427.73
19800	427.95
19810	428.18
19820	428.38
19830	428.58
19840	428.75
19850	429.1
19860	429.33
19870	429.58
19880	429.88
19890	430.05
19900	430.28
19910	430.44
19920	430.64
19930	430.71
19940	430.92
19950	430.99
19960	431.18
19970	431.28
19980	431.36
19990	431.45
20000	431.5
20010	431.78
20020	432.05
20030	432.3
20040	432.34
20050	432.5
20060	432.58
20070	432.77
20080	432.95
20090	433.23
20100	433.33
20110	433.6
20120	433.58
20130	433.68
20140	433.79
20150	434.0
20160	434.25
20170	434.37
20180	434.57
20190	434.77
20200	434.84
20210	434.96
20220	435.05
20230	435.15
20240	435.2
20250	435.4
20260	435.58
20270	435.55
20280	435.74
20290	435.88
20300	436.08
20310	436.21
20320	436.27
20330	436.47
20340	436.6
20350	436.69
20360	436.71
20370	436.88
20380	437.08
20390	437.22
20400	437.32
20410	437.66
20420	437.79
20430	438.0
20440	438.11
20450	438.41
20460	438.57
20470	438.72
20480	438.87
20490	438.98
20500	439.25
20510	439.42
20520	439.58
20530	439.7
20540	439.87
20550	440.0
20560	440.24
20570	440.4
20580	440.54
20590	440.79
20600	440.99
20610	441.2
20620	441.39
20630	441.35
20640	441.55
20650	441.7
20660	441.98
20670	442.05
20680	442.23
20690	442.27
20700	442.42
20710	442.57
20720	442.69
20730	442.8
20740	442.83
20750	442.81
20760	443.04
20770	443.19
20780	443.28
20790	443.36
20800	443.47
20810	443.56
20820	443.64
20830	443.63
20840	444.03
20850	444.22
20860	444.29
20870	444.56
20880	444.77
20890	444.84
20900	444.95
20910	445.19
20920	445.2
20930	445.29
20940	445.44
20950	445.55
20960	445.61
20970	445.74
20980	445.99
20990	446.11
21000	446.36
21010	446.38
21020	446.42
21030	446.58
21040	446.79
21050	446.91
21060	447.02
21070	447.19
21080	447.26
21090	447.45
21100	447.65
21110	447.73
21120	447.93
21130	448.08
21140	448.3
21150	448.25
21160	448.45
21170	448.56
21180	448.7
21190	448.85
21200	448.95
21210	449.06
21220	449.17
21230	449.24
21240	449.47
21250	449.41
21260	449.49
21270	449.59
21280	449.75
21290	449.91
21300	450.11
21310	450.26
21320	450.27
21330	450.56
21340	450.7
21350	450.92
21360	451.2
21370	451.24
21380	451.5
21390	451.64
21400	451.73
21410	451.81
21420	451.85
21430	451.87
21440	452.01
21450	452.14
21460	452.24
21470	452.28
21480	452.52
21490	452.72
21500	452.85
21510	452.97
21520	453.11
21530	453.42
21540	453.46
21550	453.67
21560	453.86
21570	453.94
21580	454.15
21590	454.28
21600	454.47
21610	454.62
21620	454.77
21630	454.89
21640	454.99
21650	455.22
21660	455.38
21670	455.4
21680	455.57
21690	455.69
21700	455.75
21710	456.0
21720	456.03
21730	456.27
21740	456.33
21750	456.51
21760	456.59
21770	456.76
21780	456.87
21790	457.07
21800	457.15
21810	457.37
21820	457.43
21830	457.57
21840	457.75
21850	457.81
21860	458.07
21870	458.19
21880	458.36
21890	458.47
21900	458.63
21910	458.66
21920	458.74
21930	458.86
21940	459.02
21950	459.12
21960	459.2
21970	459.3
21980	459.24
21990	459.37
22000	459.6
22010	459.73
22020	459.87
22030	459.98
22040	460.11
22050	460.29
22060	460.38
22070	460.55
22080	460.68
22090	460.91
22100	461.06
22110	461.25
22120	461.48
22130	461.56
22140	461.65
22150	461.93
22160	462.06
22170	462.08
22180	462.19
22190	462.27
22200	462.3
22210	462.52
22220	462.73
22230	462.86
22240	462.96
22250	462.8
22260	462.75
22270	462.85
22280	462.96
22290	463.07
22300	463.2
22310	463.25
22320	463.63
22330	463.83
22340	463.89
22350	464.17
22360	464.24
22370	464.5
22380	464.68
22390	464.86
22400	464.87
22410	465.07
22420	465.17
22430	465.28
22440	465.53
22450	465.59
22460	465.71
22470	465.82
22480	465.84
22490	466.0
22500	466.09
22510	466.14
22520	466.2
22530	466.14
22540	466.31
22550	466.35
22560	466.58
22570	466.61
22580	466.67
22590	466.86
22600	466.97
22610	467.02
22620	467.06
22630	467.1
22640	467.26
22650	467.42
22660	467.51
22670	467.73
22680	467.99
22690	468.17
22700	468.24
22710	468.45
22720	468.63
22730	468.84
22740	468.98
22750	469.11
22760	469.25
22770	469.35
22780	469.31
22790	469.44
22800	469.55
22810	469.67
22820	469.8
22830	469.75
22840	469.84
22850	469.84
22860	469.9
22870	470.0
22880	470.21
22890	470.35
22900	470.54
22910	470.74
22920	470.83
22930	470.91
22940	471.04
22950	471.08
22960	471.18
22970	471.31
22980	471.4
22990	471.67
23000	471.7
23010	471.9
23020	472.0
23030	472.21
23040	472.4
23050	472.52
23060	472.69
23070	472.77
23080	472.91
23090	473.11
23100	473.0
23110	473.14
23120	473.2
23130	473.54
23140	473.59
23150	473.61
23160	473.68
23170	473.68
23180	473.69
23190	473.76
23200	473.88
23210	473.91
23220	473.97
23230	474.15
23240	474.38
23250	474.6
23260	474.6
23270	474.68
23280	474.81
23290	474.96
23300	475.2
23310	475.33
23320	475.5
23330	475.62
23340	475.74
23350	476.02
23360	476.12
23370	476.17
23380	476.37
23390	476.62
23400	476.9
23410	477.17
23420	477.47
23430	477.49
23440	477.64
23450	477.76
23460	477.94
23470	478.12
23480	478.15
23490	478.31
23500	478.41
23510	478.4
23520	478.49
23530	478.53
23540	478.66
23550	478.74
23560	478.92
23570	479.13
23580	479.27
23590	479.44
23600	479.64
23610	479.75
23620	479.91
23630	480.07
23640	480.38
23650	480.51
23660	480.76
23670	480.97
23680	481.1
23690	481.23
23700	481.63
23710	481.73
23720	481.93
23730	482.07
23740	482.13
23750	482.32
23760	482.42
23770	482.57
23780	482.8
23790	482.86
23800	483.02
23810	483.1
23820	483.33
23830	483.39
23840	483.43
23850	483.51
23860	483.65
23870	483.82
23880	483.79
23890	483.87
23900	483.98
23910	484.04
23920	484.21
23930	484.44
23940	484.61
23950	484.86
23960	484.9
23970	485.17
23980	485.37
23990	485.37
24000	485.5
24010	485.53
24020	485.73
24030	485.8
24040	485.97
24050	486.22
24060	486.47
24070	486.57
24080	486.75
24090	486.91
24100	486.92
24110	487.07
24120	487.34
24130	487.29
24140	487.52
24150	487.8
24160	487.91
24170	488.03
24180	488.23
24190	488.41
24200	488.53
24210	488.59
24220	488.73
24230	488.98
24240	489.09
24250	489.1
24260	488.89
24270	488.84
24280	488.87
24290	489.02
24300	489.24
24310	489.49
24320	489.57
24330	489.67
24340	489.87
24350	490.01
24360	490.12
24370	490.25
24380	490.38
24390	490.51
24400	490.72
24410	490.72
24420	490.81
24430	490.86
24440	491.07
24450	491.02
24460	491.06
24470	491.29
24480	491.35
24490	491.44
24500	491.56
24510	491.65
24520	491.82
24530	491.85
24540	491.95
24550	491.99
24560	492.1
24570	492.26
24580	492.35
24590	492.48
24600	492.54
24610	492.75
24620	492.89
24630	493.02
24640	493.06
24650	493.28
24660	493.4
24670	493.55
24680	493.72
24690	493.9
24700	494.05
24710	494.16
24720	494.25
24730	494.24
24740	494.38
24750	494.46
24760	494.58
24770	494.72
24780	494.81
24790	494.94
24800	495.09
24810	495.15
24820	495.18
24830	495.37
24840	495.52
24850	495.7
24860	495.84
24870	495.87
24880	495.87
24890	495.89
24900	496.0
24910	496.17
24920	496.32
24930	496.47
24940	496.55
24950	496.62
24960	496.69
24970	496.75
24980	496.96
24990	497.21
25000	497.24
25010	497.21
25020	497.22
25030	497.4
25040	497.51
25050	497.66
25060	497.91
25070	497.93
25080	497.97
25090	498.07
25100	498.26
25110	498.35
25120	498.53
25130	498.63
25140	498.71
25150	498.74
25160	498.8
25170	498.95
25180	498.96
25190	499.22
25200	499.48
25210	499.55
25220	499.63
25230	499.78
25240	499.84
25250	500.01
25260	500.23
25270	500.3
25280	500.44
25290	500.57
25300	500.7
25310	500.81
25320	501.04
25330	501.21
25340	501.35
25350	501.42
25360	501.46
25370	501.57
25380	501.79
25390	502.03
25400	502.27
25410	502.41
25420	502.64
25430	502.78
25440	502.75
25450	502.97
25460	503.14
25470	503.36
25480	503.48
25490	503.5
25500	503.59
25510	503.8
25520	503.92
25530	504.3
25540	504.41
25550	504.51
25560	504.64
25570	504.74
25580	504.77
25590	504.9
25600	505.07
25610	505.16
25620	505.29
25630	505.35
25640	505.52
25650	505.72
25660	505.78
25670	505.83
25680	505.97
25690	506.09
25700	506.2
25710	506.33
25720	506.33
25730	506.46
25740	506.52
25750	506.61
25760	506.66
25770	506.68
25780	506.93
25790	507.06
25800	507.27
25810	507.47
25820	507.61
25830	507.75
25840	507.84
25850	507.85
25860	508.01
25870	508.2
25880	508.31
25890	508.38
25900	508.53
25910	508.68
25920	508.82
25930	509.0
25940	509.05
25950	509.17
25960	509.27
25970	509.41
25980	509.45
25990	509.55
26000	509.53
26010	509.71
26020	509.88
26030	509.99
26040	510.14
26050	510.22
26060	510.36
26070	510.4
26080	510.51
26090	510.64
26100	510.76
26110	510.88
26120	511.06
26130	511.27
26140	511.39
26150	511.46
26160	511.59
26170	511.74
26180	511.88
26190	512.08
26200	512.17
26210	512.27
26220	512.35
26230	512.41
26240	512.53
26250	512.67
26260	512.83
26270	512.91
26280	513.03
26290	513.23
26300	513.5
26310	513.68
26320	513.82
26330	513.85
26340	513.92
26350	514.04
26360	514.2
26370	514.2
26380	514.23
26390	514.37
26400	514.65
26410	514.67
26420	514.8
26430	514.97
26440	515.18
26450	515.11
26460	515.35
26470	515.39
26480	515.7
26490	515.8
26500	516.07
26510	516.37
26520	516.51
26530	516.72
26540	516.8
26550	516.83
26560	517.11
26570	517.22
26580	517.51
26590	517.69
26600	517.81
26610	517.91
26620	518.03
26630	518.16
26640	518.21
26650	518.27
26660	518.36
26670	518.51
26680	518.58
26690	518.89
26700	519.0
26710	519.1
26720	519.19
26730	519.42
26740	519.57
26750	519.73
26760	519.8
26770	519.95
26780	520.03
26790	520.04
26800	520.25
26810	520.31
26820	520.35
26830	520.54
26840	520.73
26850	520.81
26860	520.95
26870	521.09
26880	521.33
26890	521.39
26900	521.53
26910	521.66
26920	521.64
26930	521.7
26940	521.8
26950	521.94
26960	522.01
26970	522.08
26980	522.27
26990	522.37
27000	522.51
27010	522.68
27020	522.77
27030	522.81
27040	522.91
27050	523.02
27060	523.09
27070	523.18
27080	523.43
27090	523.68
27100	523.82
27110	523.91
27120	523.94
27130	524.07
27140	524.15
27150	524.24
27160	524.31
27170	524.5
27180	524.66
27190	524.78
27200	524.92
27210	525.03
27220	525.17
27230	525.35
27240	525.46
27250	525.48
27260	525.59
27270	525.69
27280	525.73
27290	525.88
27300	526.01
27310	526.1
27320	526.12
27330	526.31
27340	526.37
27350	526.53
27360	526.64
27370	526.74
27380	526.87
27390	526.99
27400	526.96
27410	527.13
27420	527.21
27430	527.3
27440	527.53
27450	527.77
27460	527.81
27470	527.89
27480	528.0
27490	528.13
27500	528.21
27510	528.23
27520	528.27
27530	528.42
27540	528.63
27550	528.85
27560	528.97
27570	529.16
27580	529.31
27590	529.33
27600	529.34
27610	529.61
27620	529.63
27630	529.78
27640	529.9
27650	529.95
27660	530.1
27670	530.04
27680	530.05
27690	530.08
27700	530.05
27710	530.19
27720	530.31
27730	530.44
27740	530.52
27750	530.62
27760	530.8
27770	531.01
27780	531.26
27790	531.2
27800	531.41
27810	531.49
27820	531.46
27830	531.63
27840	531.78
27850	531.95
27860	532.04
27870	532.15
27880	532.29
27890	532.29
27900	532.38
27910	532.48
27920	532.5
27930	532.64
27940	532.81
27950	532.85
27960	532.91
27970	532.95
27980	533.08
27990	533.14
28000	533.26
28010	533.3
28020	533.34
28030	533.38
28040	533.54
28050	533.6
28060	533.53
28070	533.57
28080	533.66
28090	533.63
28100	533.85
28110	533.88
28120	534.13
28130	534.3
28140	534.42
28150	534.52
28160	534.6
28170	534.65
28180	534.77
28190	534.89
28200	535.02
28210	535.17
28220	535.23
28230	535.36
28240	535.59
28250	535.69
28260	535.65
28270	535.75
28280	535.82
28290	535.91
28300	535.99
28310	536.19
28320	536.27
28330	536.34
28340	536.57
28350	536.77
28360	536.79
28370	536.91
28380	537.13
28390	537.22
28400	537.25
28410	537.37
28420	537.38
28430	537.59
28440	537.65
28450	537.74
28460	537.76
28470	537.86
28480	537.98
28490	538.05
28500	538.24
28510	538.4
28520	538.62
28530	538.75
28540	538.79
28550	539.12
28560	539.11
28570	539.3
28580	539.33
28590	539.41
28600	539.59
28610	539.58
28620	539.68
28630	539.88
28640	540.09
28650	540.19
28660	540.21
28670	540.28
28680	540.3
28690	540.34
28700	540.39
28710	540.57
28720	540.61
28730	540.72
28740	540.89
28750	540.92
28760	541.05
28770	541.17
28780	541.25
28790	541.38
28800	541.45
28810	541.52
28820	541.74
28830	541.87
28840	541.93
28850	542.01
28860	542.09
28870	542.3
28880	542.37
28890	542.37
28900	542.51
28910	542.51
28920	542.64
28930	542.78
28940	542.86
28950	542.93
28960	542.94
28970	543.08
28980	543.2
28990	543.34
29000	543.51
29010	543.56
29020	543.69
29030	543.72
29040	543.92
29050	544.08
29060	544.12
29070	544.18
29080	544.23
29090	544.32
29100	544.48
29110	544.73
29120	544.81
29130	544.91
29140	544.94
29150	545.1
29160	545.27
29170	545.39
29180	545.52
29190	545.59
29200	545.59
29210	545.73
29220	545.73
29230	545.92
29240	546.07
29250	546.15
29260	546.28
29270	546.41
29280	546.48
29290	546.44
29300	546.46
29310	546.49
29320	546.41
29330	546.46
29340	546.66
29350	546.72
29360	546.88
29370	546.96
29380	547.02
29390	547.13
29400	547.22
29410	547.3
29420	547.36
29430	547.35
29440	547.4
29450	547.58
29460	547.74
29470	547.83
29480	547.9
29490	548.0
29500	548.09
29510	548.27
29520	548.48
29530	548.56
29540	548.61
29550	548.8
29560	548.84
29570	548.91
29580	548.94
29590	549.0
29600	549.03
29610	549.07
29620	549.13
29630	549.19
29640	549.36
29650	549.4
29660	549.51
29670	549.7
29680	549.76
29690	549.94
29700	550.1
29710	550.15
29720	550.31
29730	550.42
29740	550.49
29750	550.57
29760	550.69
29770	550.8
29780	550.85
29790	550.87
29800	551.01
29810	551.19
29820	551.28
29830	551.32
29840	551.37
29850	551.41
29860	551.46
29870	551.6
29880	551.65
29890	551.76
29900	551.95
29910	552.0
29920	551.98
29930	552.17
29940	552.15
29950	552.16
29960	552.25
29970	552.31
29980	552.33
29990	552.48
30000	552.53
30010	552.57
30020	552.61
30030	552.79
30040	552.91
30050	553.11
30060	553.31
30070	553.52
30080	553.72
30090	553.75
30100	553.86
30110	553.88
30120	553.97
30130	553.96
30140	554.16
30150	554.31
30160	554.36
30170	554.36
30180	554.5
30190	554.64
30200	554.72
30210	554.84
30220	554.93
30230	554.98
30240	555.04
30250	555.15
30260	555.23
30270	555.37
30280	555.49
30290	555.57
30300	555.59
30310	555.64
30320	555.64
30330	555.65
30340	555.7
30350	555.87
30360	556.0
30370	556.02
30380	556.08
30390	556.14
30400	556.23
30410	556.35
30420	556.43
30430	556.39
30440	556.44
30450	556.66
30460	556.84
30470	557.0
30480	557.04
30490	557.09
30500	557.08
30510	557.12
30520	557.22
30530	557.24
30540	557.41
30550	557.47
30560	557.65
30570	557.85
30580	557.89
30590	557.82
30600	557.81
30610	557.89
30620	558.0
30630	558.05
30640	558.2
30650	558.46
30660	558.56
30670	558.66
30680	558.75
30690	558.88
30700	558.89
30710	559.01
30720	559.05
30730	559.12
30740	559.06
30750	559.13
30760	559.21
30770	559.28
30780	559.38
30790	559.44
30800	559.38
30810	559.52
30820	559.6
30830	559.63
30840	559.67
30850	559.77
30860	559.9
30870	560.15
30880	560.27
30890	560.37
30900	560.42
30910	560.5
30920	560.66
30930	560.72
30940	560.73
30950	560.87
30960	560.98
30970	561.08
30980	561.08
30990	561.12
31000	561.2
31010	561.48
31020	561.64
31030	561.63
31040	561.78
31050	561.9
31060	561.97
31070	562.06
31080	562.07
31090	562.2
31100	562.4
31110	562.47
31120	562.65
31130	562.76
31140	562.82
31150	562.98
31160	563.01
31170	563.05
31180	563.24
31190	563.32
31200	563.38
31210	563.47
31220	563.52
31230	563.59
31240	563.68
31250	563.78
31260	563.85
31270	563.9
31280	563.9
31290	564.03
31300	564.12
31310	564.19
31320	564.18
31330	564.18
31340	564.29
31350	564.41
31360	564.5
31370	564.67
31380	564.76
31390	564.72
31400	564.84
31410	564.87
31420	565.09
31430	565.06
31440	565.15
31450	565.18
31460	565.31
31470	565.46
31480	565.48
31490	565.65
31500	565.71
31510	565.93
31520	566.01
31530	566.09
31540	566.13
31550	566.14
31560	566.11
31570	566.16
31580	566.32
31590	566.58
31600	566.76
31610	566.7
31620	566.76
31630	566.89
31640	566.89
31650	566.93
31660	566.93
31670	566.99
31680	567.03
31690	567.14
31700	567.16
31710	567.3
31720	567.31
31730	567.53
31740	567.58
31750	567.66
31760	567.76
31770	567.78
31780	567.91
31790	568.13
31800	568.28
31810	568.44
31820	568.51
31830	568.58
31840	568.71
31850	568.58
31860	568.66
31870	568.75
31880	568.8
31890	569.08
31900	569.13
31910	569.25
31920	569.44
31930	569.46
31940	569.42
31950	569.44
31960	569.63
31970	569.69
31980	569.78
31990	570.03
32000	570.19
32010	570.34
32020	570.31
32030	570.47
32040	570.62
32050	570.64
32060	570.88
32070	570.98
32080	571.11
32090	571.25
32100	571.31
32110	571.39
32120	571.38
32130	571.38
32140	571.46
32150	571.56
32160	571.59
32170	571.73
32180	571.79
32190	571.8
32200	571.78
32210	571.92
32220	571.99
32230	572.33
32240	572.5
32250	572.67
32260	572.68
32270	572.66
32280	572.77
32290	572.88
32300	573.08
32310	573.24
32320	573.25
32330	573.38
32340	573.53
32350	573.59
32360	573.66
32370	573.86
32380	574.07
32390	574.14
32400	574.31
32410	574.48
32420	574.59
32430	574.83
32440	574.97
32450	575.07
32460	575.22
32470	575.34
32480	575.42
32490	575.43
32500	575.44
32510	575.43
32520	575.5
32530	575.45
32540	575.52
32550	575.68
32560	575.85
32570	575.86
32580	575.78
32590	576.01
32600	576.12
32610	576.22
32620	576.41
32630	576.63
32640	576.69
32650	576.81
32660	576.85
32670	577.03
32680	577.13
32690	577.22
32700	577.33
32710	577.3
32720	577.29
32730	577.29
32740	577.44
32750	577.51
32760	577.48
32770	577.59
32780	577.6
32790	577.64
32800	577.74
32810	577.64
32820	577.71
32830	577.86
32840	577.9
32850	577.97
32860	577.97
32870	578.07
32880	578.13
32890	578.35
32900	578.55
32910	578.59
32920	578.67
32930	578.81
32940	578.89
32950	578.95
32960	579.07
32970	579.13
32980	579.23
32990	579.37
33000	579.37
33010	579.44
33020	579.51
33030	579.55
33040	579.74
33050	579.83
33060	580.0
33070	580.03
33080	580.15
33090	580.37
33100	580.55
33110	580.7
33120	580.8
33130	580.9
33140	580.93
33150	581.03
33160	581.06
33170	581.16
33180	581.1
33190	581.31
33200	581.36
33210	581.4
33220	581.49
33230	581.52
33240	581.69
33250	581.86
33260	581.93
33270	582.14
33280	582.2
33290	582.23
33300	582.29
33310	582.35
33320	582.3
33330	582.38
33340	582.49
33350	582.6
33360	582.68
33370	582.83
33380	582.86
33390	582.92
33400	582.97
33410	582.98
33420	582.99
33430	583.03
33440	583.12
33450	583.21
33460	583.3
33470	583.49
33480	583.66
33490	583.74
33500	583.85
33510	584.0
33520	584.15
33530	584.28
33540	584.18
33550	584.36
33560	584.41
33570	584.43
33580	584.71
33590	584.79
33600	584.93
33610	585.0
33620	585.15
33630	585.24
33640	585.3
33650	585.21
33660	585.4
33670	585.45
33680	585.49
33690	585.58
33700	585.8
33710	585.83
33720	585.96
33730	586.03
33740	586.11
33750	586.12
33760	586.21
33770	586.28
33780	586.36
33790	586.47
33800	586.53
33810	586.64
33820	586.76
33830	586.82
33840	586.86
33850	586.92
33860	586.96
33870	587.14
33880	587.22
33890	587.25
33900	587.51
33910	587.55
33920	587.83
33930	587.88
33940	587.96
33950	588.01
33960	588.07
33970	588.14
33980	588.21
33990	588.31
34000	588.41
34010	588.43
34020	588.6
34030	588.57
34040	588.5
34050	588.61
34060	588.7
34070	588.71
34080	588.77
34090	588.9
34100	589.03
34110	589.09
34120	589.3
34130	589.42
34140	589.52
34150	589.59
34160	589.72
34170	589.96
34180	589.96
34190	590.09
34200	590.23
34210	590.3
34220	590.39
34230	590.45
34240	590.49
34250	590.49
34260	590.5
34270	590.54
34280	590.54
34290	590.6
34300	590.75
34310	590.86
34320	590.91
34330	591.01
34340	591.09
34350	591.25
34360	591.3
34370	591.28
34380	591.33
34390	591.47
34400	591.55
34410	591.62
34420	591.86
34430	591.88
34440	591.95
34450	592.11
34460	592.19
34470	592.23
34480	592.35
34490	592.36
34500	592.4
34510	592.51
34520	592.52
34530	592.57
34540	592.63
34550	592.8
34560	592.78
34570	592.91
34580	592.92
34590	593.04
34600	592.96
34610	592.92
34620	593.07
34630	593.35
34640	593.4
34650	593.45
34660	593.52
34670	593.55
34680	593.68
34690	593.75
34700	593.84
34710	594.05
34720	594.05
34730	594.12
34740	594.17
34750	594.33
34760	594.41
34770	594.48
34780	594.56
34790	594.62
34800	594.7
34810	594.8
34820	594.76
34830	594.82
34840	594.87
34850	594.98
34860	594.97
34870	595.06
34880	595.12
34890	595.1
34900	595.19
34910	595.22
34920	595.39
34930	595.5
34940	595.52
34950	595.62
34960	595.66
34970	595.62
34980	595.69
34990	595.84
35000	595.96
35010	596.13
35020	596.24
35030	596.31
35040	596.35
35050	596.45
35060	596.59
35070	596.61
35080	596.78
35090	596.72
35100	596.82
35110	597.06
35120	597.17
35130	597.32
35140	597.35
35150	597.47
35160	597.52
35170	597.71
35180	597.86
35190	597.97
35200	597.98
35210	598.05
35220	598.07
35230	598.11
35240	598.35
35250	598.35
35260	598.44
35270	598.49
35280	598.7
35290	598.78
35300	598.8
35310	598.83
35320	598.92
35330	598.97
35340	599.08
35350	599.2
35360	599.3
35370	599.22
35380	599.27
35390	599.35
35400	599.45
35410	599.5
35420	599.56
35430	599.72
35440	599.75
35450	599.75
35460	599.77
35470	599.75
35480	599.76
35490	599.83
35500	599.89
35510	599.98
35520	600.12
35530	600.25
35540	600.29
35550	600.32
35560	600.4
35570	600.47
35580	600.54
35590	600.56
35600	600.62
35610	600.63
35620	600.79
35630	600.85
35640	600.93
35650	600.9
35660	600.87
35670	601.06
35680	601.11
35690	601.06
35700	601.12
35710	601.23
35720	601.37
35730	601.5
35740	601.59
35750	601.65
35760	601.7
35770	601.72
35780	601.74
35790	601.73
35800	601.66
35810	601.75
35820	601.81
35830	601.86
35840	601.93
35850	602.02
35860	601.97
35870	602.17
35880	602.12
35890	602.29
35900	602.4
35910	602.54
35920	602.69
35930	602.76
35940	602.79
35950	602.87
35960	602.97
35970	603.17
35980	603.3
35990	603.41
36000	603.47
36010	603.63
36020	603.58
36030	603.71
36040	603.79
36050	603.83
36060	603.87
36070	603.99
36080	604.04
36090	604.24
36100	604.29
36110	604.37
36120	604.38
36130	604.45
36140	604.44
36150	604.45
36160	604.47
36170	604.42
36180	604.59
36190	604.73
36200	604.89
36210	604.94
36220	604.95
36230	604.98
36240	605.07
36250	605.15
36260	605.32
36270	605.42
36280	605.58
36290	605.66
36300	605.77
36310	605.82
36320	605.91
36330	605.94
36340	606.1
36350	606.01
36360	606.05
36370	606.13
36380	606.16
36390	606.17
36400	606.2
36410	606.26
36420	606.28
36430	606.41
36440	606.5
36450	606.49
36460	606.49
36470	606.57
36480	606.66
36490	606.62
36500	606.67
36510	606.79
36520	606.85
36530	606.95
36540	607.09
36550	607.15
36560	607.15
36570	607.24
36580	607.37
36590	607.3
36600	607.39
36610	607.47
36620	607.63
36630	607.69
36640	607.77
36650	607.93
36660	608.0
36670	608.1
36680	608.27
36690	608.43
36700	608.51
36710	608.62
36720	608.63
36730	608.66
36740	608.76
36750	608.87
36760	608.99
36770	609.04
36780	609.23
36790	609.23
36800	609.42
36810	609.55
36820	609.6
36830	609.67
36840	609.79
36850	609.87
36860	609.87
36870	609.95
36880	610.04
36890	610.19
36900	610.2
36910	610.23
36920	610.38
36930	610.46
36940	610.6
36950	610.79
36960	610.87
36970	610.94
36980	610.96
36990	611.1
37000	611.29
37010	611.41
37020	611.59
37030	611.62
37040	611.75
37050	611.84
37060	612.02
37070	612.09
37080	612.14
37090	612.17
37100	612.29
37110	612.37
37120	612.36
37130	612.53
37140	612.43
37150	612.59
37160	612.66
37170	612.81
37180	612.96
37190	612.92
37200	612.96
37210	613.03
37220	613.23
37230	613.35
37240	613.43
37250	613.54
37260	613.55
37270	613.61
37280	613.63
37290	613.61
37300	613.61
37310	613.78
37320	613.86
37330	613.89
37340	613.97
37350	614.04
37360	613.96
37370	613.9
37380	614.02
37390	614.16
37400	614.22
37410	614.46
37420	614.51
37430	614.55
37440	614.63
37450	614.65
37460	614.69
37470	614.83
37480	614.85
37490	614.98
37500	614.97
37510	615.03
37520	615.09
37530	615.03
37540	615.16
37550	615.18
37560	615.23
37570	615.35
37580	615.37
37590	615.48
37600	615.62
37610	615.82
37620	615.93
37630	615.98
37640	616.09
37650	616.29
37660	616.43
37670	616.55
37680	616.58
37690	616.69
37700	616.76
37710	616.87
37720	616.98
37730	617.09
37740	617.05
37750	617.16
37760	617.32
37770	617.23
37780	617.35
37790	617.31
37800	617.28
37810	617.38
37820	617.53
37830	617.63
37840	617.58
37850	617.78
37860	617.87
37870	618.0
37880	618.11
37890	618.14
37900	618.2
37910	618.38
37920	618.51
37930	618.59
37940	618.67
37950	618.85
37960	618.94
37970	618.99
37980	619.06
37990	619.03
38000	619.12
38010	619.29
38020	619.4
38030	619.37
38040	619.45
38050	619.51
38060	619.6
38070	619.63
38080	619.72
38090	619.82
38100	619.97
38110	620.1
38120	620.21
38130	620.37
38140	620.49
38150	620.44
38160	620.53
38170	620.61
38180	620.64
38190	620.82
38200	620.93
38210	621.1
38220	621.33
38230	621.41
38240	621.51
38250	621.66
38260	621.79
38270	621.89
38280	621.78
38290	621.87
38300	621.96
38310	622.0
38320	622.13
38330	622.32
38340	622.48
38350	622.64
38360	622.73
38370	622.89
38380	622.9
38390	622.97
38400	623.06
38410	623.22
38420	623.3
38430	623.38
38440	623.38
38450	623.5
38460	623.53
38470	623.53
38480	623.57
38490	623.74
38500	623.82
38510	623.87
38520	623.92
38530	624.02
38540	624.11
38550	624.25
38560	624.25
38570	624.25
38580	624.34
38590	624.4
38600	624.44
38610	624.48
38620	624.46
38630	624.58
38640	624.68
38650	624.68
38660	624.82
38670	624.82
38680	624.83
38690	624.85
38700	624.94
38710	624.9
38720	625.03
38730	625.17
38740	625.2
38750	625.34
38760	625.47
38770	625.58
38780	625.55
38790	625.58
38800	625.7
38810	625.75
38820	625.86
38830	625.98
38840	626.06
38850	626.14
38860	626.18
38870	626.22
38880	626.28
38890	626.27
38900	626.35
38910	626.44
38920	626.55
38930	626.63
38940	626.71
38950	626.75
38960	626.67
38970	626.82
38980	626.9
38990	626.95
39000	627.02
39010	627.15
39020	627.21
39030	627.25
39040	627.3
39050	627.42
39060	627.5
39070	627.61
39080	627.69
39090	627.85
39100	627.9
39110	628.02
39120	628.03
39130	628.06
39140	628.19
39150	628.28
39160	628.44
39170	628.39
39180	628.55
39190	628.66
39200	628.7
39210	628.81
39220	628.97
39230	628.95
39240	629.04
39250	629.16
39260	629.26
39270	629.3
39280	629.44
39290	629.59
39300	629.61
39310	629.65
39320	629.73
39330	629.82
39340	629.9
39350	630.0
39360	630.06
39370	630.12
39380	630.2
39390	630.27
39400	630.41
39410	630.49
39420	630.59
39430	630.73
39440	630.9
39450	630.97
39460	631.17
39470	631.18
39480	631.19
39490	631.19
39500	631.22
39510	631.19
39520	631.24
39530	631.31
39540	631.34
39550	631.4
39560	631.46
39570	631.53
39580	631.67
39590	631.71
39600	631.76
39610	631.86
39620	631.84
39630	631.85
39640	631.84
39650	631.84
39660	631.93
39670	632.07
39680	632.03
39690	632.19
39700	632.29
39710	632.4
39720	632.47
39730	632.52
39740	632.46
39750	632.57
39760	632.62
39770	632.77
39780	632.78
39790	632.91
39800	632.97
39810	633.03
39820	633.02
39830	633.06
39840	633.03
39850	633.21
39860	633.32
39870	633.44
39880	633.5
39890	633.53
39900	633.67
39910	633.81
39920	633.84
39930	633.92
39940	633.97
39950	634.01
39960	633.99
39970	634.05
39980	634.16
39990	634.16
40000	634.22
40010	634.14
40020	634.17
40030	634.28
40040	634.42
40050	634.45
40060	634.59
40070	634.79
40080	635.04
40090	635.12
40100	635.14
40110	635.2
40120	635.22
40130	635.28
40140	635.44
40150	635.63
40160	635.76
40170	635.9
40180	635.86
40190	635.95
40200	635.93
40210	635.93
40220	636.12
40230	636.27
40240	636.42
40250	636.48
40260	636.53
40270	636.7
40280	636.82
40290	636.88
40300	637.04
40310	637.16
40320	637.24
40330	637.33
40340	637.4
40350	637.35
40360	637.38
40370	637.41
40380	637.56
40390	637.59
40400	637.66
40410	637.7
40420	637.82
40430	637.84
40440	637.94
40450	638.01
40460	638.09
40470	638.21
40480	638.33
40490	638.43
40500	638.44
40510	638.52
40520	638.54
40530	638.6
40540	638.85
40550	638.95
40560	638.99
40570	639.11
40580	639.23
40590	639.33
40600	639.27
40610	639.29
40620	639.33
40630	639.43
40640	639.55
40650	639.74
40660	639.86
40670	639.96
40680	639.94
40690	640.07
40700	640.17
40710	640.22
40720	640.36
40730	640.43
40740	640.42
40750	640.62
40760	640.69
40770	640.82
40780	640.81
40790	640.71
40800	640.81
40810	640.78
40820	640.77
40830	640.92
40840	641.0
40850	641.08
40860	641.14
40870	641.13
40880	641.2
40890	641.29
40900	641.48
40910	641.65
40920	641.75
40930	641.78
40940	641.77
40950	641.85
40960	641.94
40970	642.04
40980	642.09
40990	642.13
41000	642.21
41010	642.33
41020	642.36
41030	642.45
41040	642.45
41050	642.58
41060	642.72
41070	642.77
41080	642.73
41090	642.85
41100	642.92
41110	642.97
41120	643.11
41130	643.15
41140	643.21
41150	643.17
41160	643.2
41170	643.24
41180	643.24
41190	643.29
41200	643.3
41210	643.32
41220	643.44
41230	643.55
41240	643.62
41250	643.59
41260	643.61
41270	643.72
41280	643.8
41290	643.96
41300	644.05
41310	644.16
41320	644.31
41330	644.51
41340	644.62
41350	644.73
41360	644.76
41370	644.82
41380	644.97
41390	645.05
41400	644.99
41410	645.02
41420	645.06
41430	645.21
41440	645.18
41450	645.28
41460	645.23
41470	645.29
41480	645.34
41490	645.44
41500	645.53
41510	645.6
41520	645.56
41530	645.76
41540	646.0
41550	646.05
41560	646.1
41570	646.15
41580	646.24
41590	646.45
41600	646.55
41610	646.59
41620	646.58
41630	646.58
41640	646.59
41650	646.6
41660	646.62
41670	646.77
41680	646.87
41690	646.85
41700	646.91
41710	646.96
41720	646.99
41730	647.05
41740	647.09
41750	647.22
41760	647.34
41770	647.42
41780	647.59
41790	647.61
41800	647.7
41810	647.76
41820	647.79
41830	647.91
41840	647.99
41850	648.12
41860	648.26
41870	648.39
41880	648.52
41890	648.6
41900	648.74
41910	648.85
41920	648.91
41930	648.95
41940	649.0
41950	649.08
41960	649.12
41970	649.09
41980	649.11
41990	649.12
42000	649.11
42010	649.22
42020	649.34
42030	649.49
42040	649.51
42050	649.59
42060	649.63
42070	649.68
42080	649.71
42090	649.74
42100	649.76
42110	649.88
42120	649.94
42130	649.95
42140	650.05
42150	650.1
42160	650.19
42170	650.32
42180	650.46
42190	650.49
42200	650.5
42210	650.56
42220	650.67
42230	650.7
42240	650.74
42250	650.7
42260	650.73
42270	650.83
42280	650.94
42290	650.9
42300	651.02
42310	651.01
42320	650.99
42330	651.08
42340	651.14
42350	651.18
42360	651.17
42370	651.12
42380	651.27
42390	651.35
42400	651.43
42410	651.52
42420	651.55
42430	651.59
42440	651.63
42450	651.73
42460	651.86
42470	651.9
42480	652.12
42490	652.21
42500	652.17
42510	652.22
42520	652.33
42530	652.35
42540	652.46
42550	652.53
42560	652.64
42570	652.76
42580	652.79
42590	652.85
42600	653.0
42610	653.03
42620	653.02
42630	653.16
42640	653.23
42650	653.36
42660	653.44
42670	653.39
42680	653.47
42690	653.58
42700	653.63
42710	653.57
42720	653.62
42730	653.69
42740	653.78
42750	653.87
42760	653.85
42770	653.87
42780	653.93
42790	653.92
42800	653.98
42810	654.01
42820	654.13
42830	654.15
42840	654.2
42850	654.35
42860	654.37
42870	654.37
42880	654.42
42890	654.51
42900	654.61
42910	654.6
42920	654.7
42930	654.79
42940	654.88
42950	654.88
42960	654.82
42970	655.02
42980	654.98
42990	655.12
43000	655.14
43010	655.13
43020	655.1
43030	655.18
43040	655.2
43050	655.29
43060	655.34
43070	655.31
43080	655.21
43090	655.29
43100	655.33
43110	655.41
43120	655.56
43130	655.63
43140	655.67
43150	655.73
43160	655.8
43170	655.92
43180	655.89
43190	656.0
43200	656.04
43210	656.16
43220	656.16
43230	656.16
43240	656.21
43250	656.26
43260	656.34
43270	656.41
43280	656.51
43290	656.61
43300	656.7
43310	656.86
43320	656.92
43330	657.04
43340	657.19
43350	657.26
43360	657.32
43370	657.44
43380	657.52
43390	657.61
43400	657.7
43410	657.78
43420	657.89
43430	658.01
43440	658.09
43450	658.13
43460	658.15
43470	658.2
43480	658.2
43490	658.22
43500	658.23
43510	658.24
43520	658.23
43530	658.3
43540	658.41
43550	658.46
43560	658.53
43570	658.53
43580	658.43
43590	658.46
43600	658.5
43610	658.51
43620	658.57
43630	658.68
43640	658.76
43650	658.86
43660	658.98
43670	659.09
43680	659.09
43690	659.15
43700	659.17
43710	659.18
43720	659.24
43730	659.3
43740	659.41
43750	659.28
43760	659.36
43770	659.37
43780	659.4
43790	659.43
43800	659.48
43810	659.54
43820	659.68
43830	659.8
43840	659.91
43850	659.94
43860	659.92
43870	660.09
43880	660.14
43890	660.26
43900	660.24
43910	660.32
43920	660.4
43930	660.49
43940	660.61
43950	660.62
43960	660.57
43970	660.66
43980	660.69
43990	660.73
44000	660.86
44010	660.96
44020	660.95
44030	661.0
44040	661.13
44050	661.21
44060	661.21
44070	661.25
44080	661.34
44090	661.44
44100	661.48
44110	661.5
44120	661.63
44130	661.66
44140	661.75
44150	661.77
44160	661.88
44170	661.97
44180	662.03
44190	662.1
44200	662.26
44210	662.38
44220	662.45
44230	662.4
44240	662.49
44250	662.59
44260	662.65
44270	662.67
44280	662.79
44290	662.82
44300	662.83
44310	662.88
44320	662.92
44330	662.95
44340	663.03
44350	663.08
44360	663.21
44370	663.32
44380	663.34
44390	663.42
44400	663.5
44410	663.58
44420	663.55
44430	663.63
44440	663.67
44450	663.72
44460	663.73
44470	663.81
44480	663.88
44490	663.92
44500	663.98
44510	664.03
44520	664.15
44530	664.21
44540	664.25
44550	664.3
44560	664.42
44570	664.42
44580	664.43
44590	664.65
44600	664.67
44610	664.72
44620	664.74
44630	664.74
44640	664.84
44650	664.78
44660	664.83
44670	664.96
44680	665.03
44690	665.18
44700	665.25
44710	665.24
44720	665.36
44730	665.45
44740	665.43
44750	665.49
44760	665.53
44770	665.6
44780	665.64
44790	665.8
44800	665.86
44810	665.96
44820	666.07
44830	666.07
44840	666.17
44850	666.3
44860	666.25
44870	666.3
44880	666.32
44890	666.45
44900	666.57
44910	666.58
44920	666.62
44930	666.62
44940	666.68
44950	666.65
44960	666.68
44970	666.87
44980	666.97
44990	667.03
45000	667.08
45010	667.14
45020	667.33
45030	667.41
45040	667.52
45050	667.69
45060	667.78
45070	667.83
45080	667.83
45090	667.91
45100	667.92
45110	668.08
45120	668.1
45130	668.21
45140	668.3
45150	668.38
45160	668.39
45170	668.46
45180	668.55
45190	668.55
45200	668.71
45210	668.75
45220	668.83
45230	668.82
45240	668.94
45250	668.93
45260	669.01
45270	669.08
45280	669.08
45290	669.17
45300	669.23
45310	669.18
45320	669.33
45330	669.38
45340	669.42
45350	669.4
45360	669.5
45370	669.66
45380	669.69
45390	669.7
45400	669.72
45410	669.83
45420	669.87
45430	669.93
45440	670.03
45450	670.02
45460	670.03
45470	670.1
45480	670.18
45490	670.33
45500	670.53
45510	670.54
45520	670.56
45530	670.6
45540	670.62
45550	670.71
45560	670.81
45570	670.93
45580	671.09
45590	671.25
45600	671.39
45610	671.43
45620	671.57
45630	671.69
45640	671.75
45650	671.82
45660	671.99
45670	672.07
45680	672.1
45690	672.19
45700	672.24
45710	672.32
45720	672.38
45730	672.36
45740	672.36
45750	672.38
45760	672.35
45770	672.46
45780	672.46
45790	672.47
45800	672.6
45810	672.65
45820	672.67
45830	672.76
45840	672.8
45850	672.85
45860	672.93
45870	673.04
45880	673.06
45890	673.1
45900	673.16
45910	673.31
45920	673.35
45930	673.38
45940	673.4
45950	673.52
45960	673.46
45970	673.45
45980	673.59
45990	673.59
46000	673.6
46010	673.66
46020	673.85
46030	673.94
46040	674.01
46050	674.15
46060	674.24
46070	674.27
46080	674.36
46090	674.35
46100	674.36
46110	674.43
46120	674.5
46130	674.68
46140	674.7
46150	674.74
46160	674.78
46170	674.83
46180	674.92
46190	674.86
46200	674.87
46210	675.07
46220	675.13
46230	675.13
46240	675.08
46250	675.15
46260	675.25
46270	675.23
46280	675.39
46290	675.42
46300	675.46
46310	675.49
46320	675.5
46330	675.59
46340	675.64
46350	675.69
46360	675.75
46370	675.82
46380	675.95
46390	676.0
46400	675.93
46410	675.99
46420	676.05
46430	676.09
46440	676.12
46450	676.22
46460	676.22
46470	676.27
46480	676.27
46490	676.27
46500	676.31
46510	676.43
46520	676.43
46530	676.45
46540	676.52
46550	676.49
46560	676.51
46570	676.62
46580	676.77
46590	676.81
46600	676.77
46610	676.73
46620	676.75
46630	676.85
46640	676.78
46650	676.74
46660	676.82
46670	676.98
46680	677.03
46690	677.11
46700	677.22
46710	677.27
46720	677.31
46730	677.31
46740	677.47
46750	677.48
46760	677.56
46770	677.63
46780	677.7
46790	677.77
46800	677.74
46810	677.77
46820	677.72
46830	677.82
46840	677.86
46850	677.91
46860	678.01
46870	678.05
46880	678.14
46890	678.14
46900	678.17
46910	678.24
46920	678.27
46930	678.31
46940	678.34
46950	678.41
46960	678.44
46970	678.44
46980	678.42
46990	678.44
47000	678.51
47010	678.62
47020	678.67
47030	678.76
47040	678.88
47050	678.89
47060	678.96
47070	679.03
47080	679.12
47090	679.16
47100	679.11
47110	679.22
47120	679.27
47130	679.31
47140	679.35
47150	679.42
47160	679.5
47170	679.6
47180	679.72
47190	679.7
47200	679.79
47210	679.83
47220	679.79
47230	679.88
47240	679.86
47250	680.01
47260	680.04
47270	680.16
47280	680.29
47290	680.32
47300	680.4
47310	680.38
47320	680.42
47330	680.38
47340	680.44
47350	680.53
47360	680.6
47370	680.69
47380	680.76
47390	680.87
47400	680.96
47410	680.98
47420	681.04
47430	681.15
47440	681.3
47450	681.35
47460	681.4
47470	681.42
47480	681.49
47490	681.52
47500	681.63
47510	681.76
47520	681.82
47530	681.95
47540	682.05
47550	682.16
47560	682.21
47570	682.23
47580	682.28
47590	682.37
47600	682.38
47610	682.36
47620	682.51
47630	682.7
47640	682.75
47650	682.82
47660	682.85
47670	682.92
47680	683.01
47690	683.1
47700	683.2
47710	683.21
47720	683.28
47730	683.25
47740	683.3
47750	683.35
47760	683.32
47770	683.5
47780	683.57
47790	683.53
47800	683.61
47810	683.71
47820	683.7
47830	683.66
47840	683.67
47850	683.76
47860	683.85
47870	683.89
47880	683.9
47890	683.97
47900	684.01
47910	684.07
47920	684.01
47930	684.01
47940	684.0
47950	684.22
47960	684.28
47970	684.31
47980	684.36
47990	684.47
48000	684.57
48010	684.62
48020	684.64
48030	684.74
48040	684.8
48050	684.91
48060	684.99
48070	684.97
48080	685.02
48090	685.01
48100	685.05
48110	685.2
48120	685.3
48130	685.3
48140	685.32
48150	685.34
48160	685.31
48170	685.36
48180	685.39
48190	685.42
48200	685.5
48210	685.6
48220	685.68
48230	685.76
48240	685.78
48250	685.83
48260	685.91
48270	686.12
48280	686.25
48290	686.32
48300	686.38
48310	686.45
48320	686.47
48330	686.45
48340	686.43
48350	686.5
48360	686.54
48370	686.61
48380	686.62
48390	686.73
48400	686.94
48410	686.93
48420	686.93
48430	686.95
48440	686.98
48450	687.05
48460	687.13
48470	687.25
48480	687.29
48490	687.32
48500	687.44
48510	687.55
48520	687.61
48530	687.59
48540	687.61
48550	687.59
48560	687.6
48570	687.6
48580	687.53
48590	687.5
48600	687.48
48610	687.48
48620	687.53
48630	687.64
48640	687.63
48650	687.63
48660	687.66
48670	687.69
48680	687.81
48690	687.86
48700	687.86
48710	687.9
48720	687.83
48730	688.0
48740	688.11
48750	688.2
48760	688.17
48770	688.14
48780	688.16
48790	688.27
48800	688.31
48810	688.4
48820	688.42
48830	688.53
48840	688.61
48850	688.69
48860	688.77
48870	688.84
48880	688.82
48890	688.76
48900	688.88
48910	688.84
48920	688.83
48930	688.93
48940	689.07
48950	689.09
48960	689.14
48970	689.12
48980	689.19
48990	689.24
49000	689.27
49010	689.19
49020	689.3
49030	689.39
49040	689.36
49050	689.48
49060	689.58
49070	689.69
49080	689.78
49090	689.93
49100	689.96
49110	689.99
49120	690.16
49130	690.19
49140	690.35
49150	690.32
49160	690.24
49170	690.35
49180	690.54
49190	690.63
49200	690.67
49210	690.77
49220	690.79
49230	690.93
49240	690.98
49250	691.11
49260	691.14
49270	691.2
49280	691.36
49290	691.4
49300	691.36
49310	691.47
49320	691.54
49330	691.59
49340	691.63
49350	691.71
49360	691.75
49370	691.8
49380	691.81
49390	691.82
49400	691.87
49410	691.91
49420	691.92
49430	691.93
49440	691.95
49450	692.04
49460	692.11
49470	692.15
49480	692.19
49490	692.24
49500	692.31
49510	692.4
49520	692.42
49530	692.41
49540	692.54
49550	692.58
49560	692.68
49570	692.77
49580	692.8
49590	692.87
49600	692.94
49610	693.01
49620	693.03
49630	693.0
49640	693.05
49650	693.07
49660	693.07
49670	693.08
49680	693.13
49690	693.11
49700	693.2
49710	693.24
49720	693.31
49730	693.38
49740	693.44
49750	693.51
49760	693.53
49770	693.53
49780	693.6
49790	693.65
49800	693.67
49810	693.65
49820	693.64
49830	693.74
49840	693.82
49850	693.85
49860	693.86
49870	694.07
49880	694.01
49890	694.06
49900	694.06
49910	694.06
49920	694.05
49930	694.05
49940	694.09
49950	694.14
49960	694.25
49970	694.27
49980	694.22
49990	694.25
50000	694.27
50010	694.29
50020	694.35
50030	694.45
50040	694.42
50050	694.47
50060	694.53
50070	694.63
50080	694.72
50090	694.77
50100	694.76
50110	694.83
50120	694.92
50130	695.03
50140	695.02
50150	695.06
50160	695.1
50170	695.13
50180	695.23
50190	695.25
50200	695.35
50210	695.4
50220	695.47
50230	695.42
50240	695.47
50250	695.47
50260	695.51
50270	695.56
50280	695.6
50290	695.72
50300	695.75
50310	695.84
50320	695.84
50330	695.9
50340	695.95
50350	696.07
50360	696.2
50370	696.28
50380	696.39
50390	696.46
50400	696.51
50410	696.49
50420	696.5
50430	696.46
50440	696.5
50450	696.53
50460	696.55
50470	696.68
50480	696.65
50490	696.75
50500	696.72
50510	696.74
50520	696.64
50530	696.71
50540	696.81
50550	696.86
50560	696.89
50570	696.96
50580	696.97
50590	697.02
50600	697.11
50610	697.12
50620	697.14
50630	697.17
50640	697.19
50650	697.26
50660	697.36
50670	697.45
50680	697.5
50690	697.54
50700	697.55
50710	697.6
50720	697.69
50730	697.83
50740	697.89
50750	697.89
50760	697.95
50770	697.98
50780	698.06
50790	698.09
50800	698.15
50810	698.17
50820	698.19
50830	698.17
50840	698.29
50850	698.48
50860	698.65
50870	698.72
50880	698.74
50890	698.78
50900	698.8
50910	698.83
50920	698.81
50930	698.87
50940	698.88
50950	698.93
50960	698.89
50970	698.89
50980	698.94
50990	698.98
51000	699.05
51010	699.13
51020	699.19
51030	699.23
51040	699.24
51050	699.3
51060	699.34
51070	699.3
51080	699.33
51090	699.39
51100	699.4
51110	699.35
51120	699.36
51130	699.41
51140	699.41
51150	699.43
51160	699.54
51170	699.69
51180	699.7
51190	699.68
51200	699.71
51210	699.81
51220	699.82
51230	699.81
51240	699.86
51250	699.85
51260	699.95
51270	700.03
51280	700.1
51290	700.23
51300	700.29
51310	700.31
51320	700.29
51330	700.4
51340	700.51
51350	700.53
51360	700.51
51370	700.64
51380	700.71
51390	700.77
51400	700.84
51410	700.88
51420	700.91
51430	700.99
51440	701.04
51450	701.04
51460	701.04
51470	701.07
51480	701.15
51490	701.25
51500	701.28
51510	701.32
51520	701.35
51530	701.43
51540	701.42
51550	701.58
51560	701.54
51570	701.6
51580	701.75
51590	701.85
51600	701.87
51610	701.89
51620	701.84
51630	701.89
51640	702.0
51650	702.07
51660	702.1
51670	702.07
51680	702.24
51690	702.27
51700	702.3
51710	702.35
51720	702.44
51730	702.46
51740	702.53
51750	702.6
51760	702.68
51770	702.77
51780	702.79
51790	702.82
51800	702.81
51810	702.89
51820	702.93
51830	703.01
51840	703.15
51850	703.19
51860	703.21
51870	703.32
51880	703.36
51890	703.37
51900	703.44
51910	703.46
51920	703.49
51930	703.49
51940	703.5
51950	703.5
51960	703.66
51970	703.76
51980	703.84
51990	703.95
52000	704.08
52010	704.19
52020	704.23
52030	704.24
52040	704.33
52050	704.35
52060	704.38
52070	704.39
52080	704.39
52090	704.33
52100	704.53
52110	704.61
52120	704.66
52130	704.62
52140	704.63
52150	704.66
52160	704.7
52170	704.68
52180	704.67
52190	704.83
52200	704.91
52210	705.01
52220	705.15
52230	705.13
52240	705.21
52250	705.35
52260	705.39
52270	705.5
52280	705.56
52290	705.6
52300	705.58
52310	705.68
52320	705.79
52330	705.74
52340	705.76
52350	705.88
52360	705.94
52370	706.04
52380	706.08
52390	706.1
52400	706.18
52410	706.42
52420	706.47
52430	706.54
52440	706.57
52450	706.68
52460	706.74
52470	706.83
52480	706.85
52490	706.86
52500	706.85
52510	706.89
52520	706.95
52530	707.02
52540	707.01
52550	707.06
52560	707.08
52570	707.14
52580	707.2
52590	707.28
52600	707.33
52610	707.38
52620	707.36
52630	707.43
52640	707.51
52650	707.55
52660	707.55
52670	707.63
52680	707.63
52690	707.75
52700	707.84
52710	707.88
52720	707.85
52730	707.9
52740	707.94
52750	708.0
52760	708.05
52770	708.1
52780	708.11
52790	708.15
52800	708.24
52810	708.29
52820	708.32
52830	708.33
52840	708.38
52850	708.4
52860	708.4
52870	708.41
52880	708.45
52890	708.52
52900	708.55
52910	708.51
52920	708.53
52930	708.56
52940	708.6
52950	708.64
52960	708.62
52970	708.7
52980	708.7
52990	708.82
53000	708.82
53010	708.83
53020	708.9
53030	708.96
53040	708.99
53050	709.03
53060	709.06
53070	709.12
53080	709.17
53090	709.17
53100	709.18
53110	709.21
53120	709.22
53130	709.22
53140	709.14
53150	709.1
53160	709.13
53170	709.21
53180	709.21
53190	709.28
53200	709.29
53210	709.36
53220	709.39
53230	709.45
53240	709.48
53250	709.53
53260	709.54
53270	709.63
53280	709.73
53290	709.75
53300	709.83
53310	709.89
53320	709.94
53330	709.95
53340	709.98
53350	710.01
53360	710.07
53370	710.07
53380	710.08
53390	710.08
53400	710.1
53410	710.06
53420	710.23
53430	710.32
53440	710.29
53450	710.37
53460	710.35
53470	710.39
53480	710.47
53490	710.44
53500	710.46
53510	710.48
53520	710.44
53530	710.6
53540	710.72
53550	710.71
53560	710.74
53570	710.76
53580	710.84
53590	710.88
53600	710.97
53610	710.96
53620	711.04
53630	711.08
53640	711.11
53650	711.15
53660	711.17
53670	711.23
53680	711.26
53690	711.29
53700	711.31
53710	711.42
53720	711.47
53730	711.44
53740	711.46
53750	711.51
53760	711.54
53770	711.59
53780	711.52
53790	711.57
53800	711.59
53810	711.66
53820	711.71
53830	711.77
53840	711.81
53850	711.88
53860	711.91
53870	711.98
53880	711.97
53890	711.98
53900	712.04
53910	712.07
53920	712.11
53930	712.12
53940	712.09
53950	712.12
53960	712.17
53970	712.22
53980	712.24
53990	712.29
54000	712.34
54010	712.45
54020	712.52
54030	712.56
54040	712.6
54050	712.57
54060	712.58
54070	712.67
54080	712.73
54090	712.88
54100	712.95
54110	713.0
54120	713.08
54130	713.14
54140	713.18
54150	713.34
54160	713.39
54170	713.51
54180	713.59
54190	713.66
54200	713.71
54210	713.74
54220	713.81
54230	713.77
54240	713.72
54250	713.71
54260	713.78
54270	713.88
54280	713.87
54290	713.86
54300	713.86
54310	713.94
54320	713.97
54330	713.99
54340	714.05
54350	714.09
54360	714.2
54370	714.18
54380	714.21
54390	714.23
54400	714.32
54410	714.33
54420	714.33
54430	714.3
54440	714.36
54450	714.26
54460	714.26
54470	714.27
54480	714.31
54490	714.39
54500	714.42
54510	714.42
54520	714.51
54530	714.58
54540	714.6
54550	714.73
54560	714.75
54570	714.85
54580	714.93
54590	714.97
54600	715.06
54610	715.03
54620	715.06
54630	715.07
54640	715.13
54650	715.11
54660	715.07
54670	715.18
54680	715.24
54690	715.21
54700	715.26
54710	715.24
54720	715.22
54730	715.32
54740	715.36
54750	715.41
54760	715.36
54770	715.38
54780	715.31
54790	715.36
54800	715.59
54810	715.78
54820	715.83
54830	715.92
54840	716.0
54850	716.1
54860	716.1
54870	716.13
54880	716.05
54890	716.08
54900	716.18
54910	716.25
54920	716.22
54930	716.28
54940	716.37
54950	716.31
54960	716.39
54970	716.38
54980	716.46
54990	716.56
55000	716.73
55010	716.85
55020	716.95
55030	717.0
55040	716.97
55050	717.09
55060	717.23
55070	717.24
55080	717.29
55090	717.43
55100	717.52
55110	717.53
55120	717.64
55130	717.67
55140	717.66
55150	717.71
55160	717.73
55170	717.77
55180	717.8
55190	717.84
55200	717.92
55210	718.01
55220	718.05
55230	718.08
55240	718.18
55250	718.26
55260	718.3
55270	718.31
55280	718.41
55290	718.4
55300	718.44
55310	718.57
55320	718.62
55330	718.65
55340	718.82
55350	718.88
55360	718.86
55370	718.98
55380	719.07
55390	719.02
55400	719.08
55410	719.15
55420	719.17
55430	719.19
55440	719.24
55450	719.23
55460	719.22
55470	719.26
55480	719.3
55490	719.39
55500	719.43
55510	719.52
55520	719.61
55530	719.63
55540	719.73
55550	719.74
55560	719.75
55570	719.82
55580	719.96
55590	720.0
55600	719.99
55610	719.97
55620	720.04
55630	720.08
55640	720.09
55650	720.15
55660	720.23
55670	720.31
55680	720.43
55690	720.54
55700	720.5
55710	720.45
55720	720.56
55730	720.64
55740	720.65
55750	720.75
55760	720.89
55770	720.87
55780	720.91
55790	720.97
55800	721.06
55810	721.09
55820	721.18
55830	721.15
55840	721.14
55850	721.19
55860	721.29
55870	721.39
55880	721.42
55890	721.48
55900	721.58
55910	721.64
55920	721.7
55930	721.74
55940	721.72
55950	721.64
55960	721.69
55970	721.75
55980	721.83
55990	721.9
56000	721.92
56010	721.98
56020	722.01
56030	722.03
56040	722.04
56050	722.14
56060	722.12
56070	722.14
56080	722.19
56090	722.18
56100	722.26
56110	722.3
56120	722.42
56130	722.5
56140	722.52
56150	722.66
56160	722.78
56170	722.77
56180	722.82
56190	722.89
56200	723.05
56210	723.11
56220	723.14
56230	723.22
56240	723.23
56250	723.26
56260	723.37
56270	723.43
56280	723.52
56290	723.54
56300	723.58
56310	723.64
56320	723.61
56330	723.66
56340	723.69
56350	723.83
56360	723.87
56370	723.9
56380	723.96
56390	723.99
56400	723.99
56410	724.02
56420	724.06
56430	724.07
56440	724.09
56450	724.11
56460	724.09
56470	724.12
56480	724.14
56490	724.13
56500	724.21
56510	724.27
56520	724.32
56530	724.31
56540	724.33
56550	724.4
56560	724.37
56570	724.43
56580	724.4
56590	724.4
56600	724.44
56610	724.44
56620	724.44
56630	724.46
56640	724.48
56650	724.55
56660	724.73
56670	724.73
56680	724.81
56690	724.84
56700	724.9
56710	724.97
56720	725.0
56730	725.02
56740	725.02
56750	725.07
56760	725.06
56770	725.09
56780	725.09
56790	725.12
56800	725.11
56810	725.24
56820	725.31
56830	725.31
56840	725.35
56850	725.4
56860	725.42
56870	725.52
56880	725.55
56890	725.63
56900	725.74
56910	725.76
56920	725.79
56930	725.82
56940	725.93
56950	726.03
56960	726.1
56970	726.22
56980	726.18
56990	726.18
57000	726.26
57010	726.36
57020	726.44
57030	726.55
57040	726.49
57050	726.66
57060	726.73
57070	726.75
57080	726.75
57090	726.86
57100	726.88
57110	726.89
57120	727.11
57130	727.19
57140	727.18
57150	727.21
57160	727.16
57170	727.17
57180	727.21
57190	727.31
57200	727.38
57210	727.47
57220	727.52
57230	727.57
57240	727.61
57250	727.66
57260	727.65
57270	727.63
57280	727.67
57290	727.66
57300	727.76
57310	727.74
57320	727.78
57330	727.8
57340	727.79
57350	727.9
57360	727.95
57370	727.99
57380	728.02
57390	728.07
57400	728.03
57410	728.09
57420	728.2
57430	728.23
57440	728.25
57450	728.34
57460	728.42
57470	728.49
57480	728.49
57490	728.56
57500	728.57
57510	728.69
57520	728.61
57530	728.7
57540	728.78
57550	728.8
57560	728.84
57570	728.93
57580	729.0
57590	729.12
57600	729.16
57610	729.19
57620	729.26
57630	729.3
57640	729.33
57650	729.33
57660	729.38
57670	729.39
57680	729.4
57690	729.41
57700	729.39
57710	729.44
57720	729.49
57730	729.55
57740	729.57
57750	729.59
57760	729.59
57770	729.67
57780	729.74
57790	729.87
57800	729.93
57810	729.93
57820	729.92
57830	730.03
57840	730.02
57850	730.03
57860	729.99
57870	730.06
57880	730.17
57890	730.22
57900	730.25
57910	730.34
57920	730.39
57930	730.45
57940	730.54
57950	730.53
57960	730.57
57970	730.63
57980	730.7
57990	730.74
58000	730.72
58010	730.72
58020	730.74
58030	730.77
58040	730.81
58050	730.82
58060	730.85
58070	730.94
58080	730.92
58090	731.0
58100	731.02
58110	731.02
58120	731.08
58130	731.03
58140	731.09
58150	731.11
58160	731.14
58170	731.19
58180	731.25
58190	731.27
58200	731.35
58210	731.53
58220	731.6
58230	731.56
58240	731.73
58250	731.68
58260	731.79
58270	731.83
58280	731.94
58290	731.95
58300	732.02
58310	732.15
58320	732.16
58330	732.14
58340	732.2
58350	732.2
58360	732.22
58370	732.26
58380	732.26
58390	732.36
58400	732.41
58410	732.43
58420	732.46
58430	732.51
58440	732.55
58450	732.52
58460	732.47
58470	732.46
58480	732.44
58490	732.49
58500	732.51
58510	732.5
58520	732.59
58530	732.68
58540	732.73
58550	732.78
58560	732.83
58570	732.87
58580	732.95
58590	732.98
58600	732.99
58610	733.06
58620	733.06
58630	733.09
58640	733.21
58650	733.3
58660	733.35
58670	733.38
58680	733.5
58690	733.55
58700	733.55
58710	733.59
58720	733.62
58730	733.67
58740	733.62
58750	733.59
58760	733.65
58770	733.72
58780	733.73
58790	733.75
58800	733.75
58810	733.78
58820	733.79
58830	733.85
58840	733.96
58850	733.99
58860	734.01
58870	734.04
58880	734.02
58890	734.09
58900	734.2
58910	734.28
58920	734.35
58930	734.32
58940	734.34
58950	734.33
58960	734.46
58970	734.55
58980	734.66
58990	734.75
59000	734.73
59010	734.82
59020	734.97
59030	735.07
59040	735.1
59050	735.22
59060	735.35
59070	735.4
59080	735.46
59090	735.5
59100	735.57
59110	735.56
59120	735.57
59130	735.67
59140	735.69
59150	735.78
59160	735.85
59170	735.86
59180	735.95
59190	736.04
59200	736.09
59210	736.1
59220	736.18
59230	736.21
59240	736.2
59250	736.34
59260	736.38
59270	736.3
59280	736.36
59290	736.39
59300	736.48
59310	736.54
59320	736.52
59330	736.59
59340	736.61
59350	736.63
59360	736.69
59370	736.81
59380	736.88
59390	736.95
59400	736.99
59410	737.05
59420	737.04
59430	737.13
59440	737.13
59450	737.26
59460	737.24
59470	737.26
59480	737.28
59490	737.38
59500	737.44
59510	737.58
59520	737.65
59530	737.71
59540	737.76
59550	737.79
59560	737.83
59570	737.87
59580	737.9
59590	737.88
59600	737.94
59610	738.06
59620	738.17
59630	738.24
59640	738.23
59650	738.28
59660	738.23
59670	738.36
59680	738.47
59690	738.57
59700	738.55
59710	738.57
59720	738.64
59730	738.74
59740	738.87
59750	738.94
59760	738.94
59770	739.04
59780	739.1
59790	739.2
59800	739.24
59810	739.31
59820	739.43
59830	739.5
59840	739.6
59850	739.71
59860	739.75
59870	739.73
59880	739.81
59890	739.84
59900	739.88
59910	740.02
59920	740.12
59930	740.17
59940	740.19
59950	740.24
59960	740.22
59970	740.2
59980	740.2
59990	740.28
60000	740.41
