10	0.37
20	0.59
30	0.9
40	0.89
50	1.47
60	1.72
70	2.27
80	2.66
90	3.0
100	3.1
110	3.17
120	3.57
130	3.87
140	4.11
150	4.4
160	4.91
170	5.17
180	5.43
190	5.55
200	5.73
210	5.93
220	6.19
230	6.48
240	6.92
250	7.09
260	7.4
270	7.71
280	7.9
290	8.27
300	8.59
310	8.68
320	8.98
330	9.36
340	9.73
350	10.05
360	10.19
370	10.24
380	10.52
390	10.68
400	10.85
410	11.05
420	11.29
430	11.48
440	11.64
450	11.68
460	12.09
470	12.35
480	12.74
490	13.22
500	13.26
510	13.84
520	14.02
530	14.37
540	14.76
550	15.01
560	15.49
570	15.99
580	16.22
590	16.52
600	16.79
610	17.07
620	17.55
630	17.77
640	17.99
650	18.32
660	18.58
670	18.9
680	19.26
690	19.56
700	19.94
710	20.13
720	20.47
730	20.73
740	20.94
750	21.4
760	21.85
770	21.94
780	22.18
790	22.13
800	22.37
810	22.51
820	22.82
830	23.06
840	23.28
850	23.61
860	23.91
870	24.28
880	24.73
890	25.1
900	25.59
910	26.01
920	25.9
930	26.28
940	26.54
950	26.8
960	27.13
970	27.26
980	27.71
990	28.04
1000	28.2
1010	28.58
1020	28.71
1030	28.91
1040	29.12
1050	29.62
1060	29.96
1070	30.16
1080	30.58
1090	31.01
1100	31.41
1110	31.78
1120	31.95
1130	32.36
1140	32.51
1150	32.88
1160	33.05
1170	33.49
1180	33.73
1190	33.9
1200	34.22
1210	34.63
1220	35.13
1230	35.32
1240	35.52
1250	35.68
1260	35.86
1270	36.21
1280	36.76
1290	36.89
1300	37.16
1310	37.44
1320	37.7
1330	37.94
1340	38.17
1350	38.51
1360	38.8
1370	39.18
1380	39.63
1390	39.84
1400	39.91
1410	40.1
1420	40.39
1430	40.67
1440	40.94
1450	41.18
1460	41.48
1470	41.71
1480	41.94
1490	42.13
1500	42.28
1510	42.47
1520	42.69
1530	42.88
1540	43.11
1550	43.26
1560	43.53
1570	43.73
1580	43.99
1590	44.27
1600	44.55
1610	44.56
1620	44.8
1630	45.02
1640	45.24
1650	45.4
1660	45.75
1670	46.02
1680	46.36
1690	46.53
1700	46.65
1710	46.95
1720	47.18
1730	47.43
1740	47.77
1750	48.11
1760	48.45
1770	48.64
1780	48.77
1790	49.14
1800	49.54
1810	49.76
1820	50.06
1830	50.5
1840	50.64
1850	50.78
1860	50.91
1870	51.35
1880	51.68
1890	51.99
1900	52.28
1910	52.59
1920	53.07
1930	53.35
1940	53.62
1950	53.84
1960	54.2
1970	54.53
1980	54.83
1990	55.12
2000	55.15
2010	55.45
2020	55.84
2030	56.15
2040	56.53
2050	56.95
2060	57.2
2070	57.29
2080	57.56
2090	57.73
2100	57.83
2110	58.12
2120	58.2
2130	58.55
2140	58.91
2150	59.16
2160	59.35
2170	59.59
2180	59.82
2190	60.16
2200	60.42
2210	60.59
2220	60.87
2230	61.04
2240	61.1
2250	61.35
2260	61.82
2270	62.16
2280	62.36
2290	62.62
2300	62.81
2310	63.04
2320	63.21
2330	63.4
2340	63.67
2350	63.8
2360	64.23
2370	64.6
2380	64.83
2390	65.02
2400	65.46
2410	65.62
2420	65.97
2430	66.19
2440	66.18
2450	66.64
2460	66.87
2470	67.04
2480	67.26
2490	67.4
2500	67.65
2510	67.97
2520	68.26
2530	68.53
2540	68.69
2550	68.86
2560	69.33
2570	69.71
2580	70.1
2590	70.26
2600	70.43
2610	70.83
2620	70.97
2630	71.18
2640	71.39
2650	71.56
2660	71.74
2670	71.97
2680	72.17
2690	72.46
2700	72.5
2710	72.72
2720	72.75
2730	73.16
2740	73.34
2750	73.41
2760	73.62
2770	74.03
2780	74.3
2790	74.7
2800	74.9
2810	75.08
2820	75.39
2830	75.37
2840	75.66
2850	76.0
2860	76.2
2870	76.46
2880	76.82
2890	77.05
2900	77.35
2910	77.54
2920	77.68
2930	77.96
2940	78.21
2950	78.44
2960	78.7
2970	79.13
2980	79.11
2990	79.5
3000	79.78
3010	79.94
3020	80.09
3030	80.32
3040	80.72
3050	80.82
3060	81.11
3070	81.22
3080	81.35
3090	81.35
3100	81.47
3110	81.59
3120	81.64
3130	81.82
3140	81.78
3150	82.16
3160	82.5
3170	82.88
3180	83.03
3190	83.39
3200	83.7
3210	83.75
3220	84.03
3230	84.14
3240	84.34
3250	84.47
3260	84.74
3270	84.97
3280	85.22
3290	85.57
3300	85.61
3310	85.98
3320	86.38
3330	86.62
3340	86.96
3350	87.3
3360	87.53
3370	87.81
3380	88.41
3390	88.6
3400	88.86
3410	89.17
3420	89.39
3430	89.64
3440	89.88
3450	90.45
3460	90.69
3470	91.09
3480	91.53
3490	91.94
3500	92.34
3510	92.48
3520	92.74
3530	92.74
3540	93.13
3550	93.39
3560	93.59
3570	93.93
3580	94.14
3590	94.56
3600	94.88
3610	94.93
3620	95.37
3630	95.52
3640	95.67
3650	95.81
3660	96.14
3670	96.27
3680	96.47
3690	96.69
3700	97.03
3710	97.17
3720	97.44
3730	97.72
3740	97.98
3750	98.12
3760	98.31
3770	98.56
3780	98.78
3790	99.05
3800	99.27
3810	99.51
3820	99.74
3830	99.87
3840	100.26
3850	100.69
3860	100.96
3870	101.3
3880	101.6
3890	101.93
3900	101.96
3910	102.17
3920	102.47
3930	102.74
3940	102.94
3950	103.17
3960	103.38
3970	103.59
3980	103.76
3990	103.92
4000	104.24
4010	104.52
4020	104.74
4030	104.91
4040	105.24
4050	105.58
4060	105.93
4070	106.2
4080	106.35
4090	106.49
4100	106.86
4110	107.04
4120	107.24
4130	107.34
4140	107.4
4150	107.62
4160	107.68
4170	107.79
4180	108.0
4190	108.22
4200	108.72
4210	108.96
4220	109.34
4230	109.55
4240	109.96
4250	110.19
4260	110.28
4270	110.63
4280	110.93
4290	111.11
4300	111.43
4310	111.66
4320	112.0
4330	112.24
4340	112.51
4350	112.75
4360	113.05
4370	113.31
4380	113.6
4390	113.68
4400	113.87
4410	114.16
4420	114.37
4430	114.61
4440	114.74
4450	114.95
4460	115.23
4470	115.5
4480	115.76
4490	116.01
4500	116.35
4510	116.5
4520	116.6
4530	116.77
4540	116.93
4550	117.14
4560	117.44
4570	117.7
4580	117.89
4590	117.96
4600	118.11
4610	118.24
4620	118.38
4630	118.76
4640	118.87
4650	119.02
4660	119.21
4670	119.46
4680	119.7
4690	119.75
4700	119.98
4710	120.16
4720	120.36
4730	120.52
4740	120.66
4750	120.85
4760	121.23
4770	121.57
4780	121.72
4790	121.81
4800	122.08
4810	122.33
4820	122.42
4830	122.65
4840	122.98
4850	123.26
4860	123.4
4870	123.78
4880	124.0
4890	124.22
4900	124.37
4910	124.61
4920	124.7
4930	124.89
4940	125.13
4950	125.46
4960	125.88
4970	126.23
4980	126.53
4990	126.83
5000	127.04
5010	127.22
5020	127.41
5030	127.58
5040	127.64
5050	127.93
5060	128.08
5070	128.31
5080	128.5
5090	128.56
5100	128.84
5110	129.07
5120	129.29
5130	129.46
5140	129.62
5150	129.85
5160	130.14
5170	130.4
5180	130.51
5190	130.78
5200	131.18
5210	131.36
5220	131.6
5230	131.73
5240	131.95
5250	132.16
5260	132.28
5270	132.5
5280	132.65
5290	133.02
5300	133.12
5310	133.44
5320	133.78
5330	133.8
5340	134.15
5350	134.36
5360	134.46
5370	134.71
5380	134.88
5390	135.0
5400	135.31
5410	135.7
5420	135.74
5430	136.05
5440	136.46
5450	136.45
5460	136.81
5470	137.1
5480	137.47
5490	137.62
5500	137.87
5510	138.1
5520	138.26
5530	138.28
5540	138.62
5550	138.91
5560	139.17
5570	139.45
5580	139.84
5590	140.14
5600	140.46
5610	140.63
5620	140.8
5630	141.07
5640	141.11
5650	141.41
5660	141.48
5670	141.67
5680	141.86
5690	142.04
5700	142.13
5710	142.29
5720	142.45
5730	142.72
5740	142.96
5750	143.35
5760	143.68
5770	144.07
5780	144.19
5790	144.42
5800	144.59
5810	144.76
5820	144.67
5830	144.9
5840	145.15
5850	145.39
5860	145.57
5870	146.05
5880	146.14
5890	146.32
5900	146.44
5910	146.61
5920	146.65
5930	146.94
5940	147.23
5950	147.36
5960	147.46
5970	147.61
5980	147.77
5990	148.12
6000	148.26
6010	148.46
6020	148.69
6030	148.83
6040	148.96
6050	149.21
6060	149.33
6070	149.55
6080	149.78
6090	150.14
6100	150.23
6110	150.37
6120	150.58
6130	150.62
6140	150.86
6150	151.13
6160	151.48
6170	151.78
6180	152.02
6190	152.2
6200	152.37
6210	152.61
6220	152.83
6230	152.92
6240	153.27
6250	153.55
6260	153.76
6270	153.75
6280	154.03
6290	154.46
6300	154.69
6310	154.84
6320	155.12
6330	155.4
6340	155.55
6350	155.79
6360	156.03
6370	156.18
6380	156.27
6390	156.59
6400	156.82
6410	157.11
6420	157.38
6430	157.68
6440	157.75
6450	157.96
6460	158.27
6470	158.47
6480	158.8
6490	158.95
6500	159.28
6510	159.56
6520	159.65
6530	159.94
6540	160.11
6550	160.2
6560	160.31
6570	160.48
6580	160.76
6590	161.0
6600	161.2
6610	161.46
6620	161.6
6630	161.8
6640	162.12
6650	162.51
6660	162.62
6670	162.81
6680	163.04
6690	163.28
6700	163.51
6710	163.6
6720	163.84
6730	164.03
6740	164.21
6750	164.62
6760	164.64
6770	164.88
6780	165.09
6790	165.38
6800	165.66
6810	165.81
6820	166.07
6830	166.34
6840	166.51
6850	166.66
6860	166.81
6870	167.05
6880	167.42
6890	167.47
6900	167.69
6910	167.94
6920	168.27
6930	168.52
6940	168.64
6950	168.74
6960	168.82
6970	169.07
6980	169.13
6990	169.35
7000	169.67
7010	169.64
7020	169.59
7030	169.79
7040	170.06
7050	170.29
7060	170.37
7070	170.6
7080	170.69
7090	170.86
7100	170.96
7110	171.01
7120	171.12
7130	171.36
7140	171.46
7150	171.76
7160	171.88
7170	172.29
7180	172.45
7190	172.67
7200	172.78
7210	172.98
7220	173.08
7230	173.14
7240	173.31
7250	173.35
7260	173.53
7270	173.78
7280	174.11
7290	174.35
7300	174.48
7310	174.75
7320	174.76
7330	174.96
7340	175.28
7350	175.39
7360	175.62
7370	175.88
7380	175.94
7390	176.16
7400	176.24
7410	176.36
7420	176.7
7430	176.85
7440	177.17
7450	177.17
7460	177.28
7470	177.39
7480	177.48
7490	177.59
7500	177.8
7510	178.12
7520	178.27
7530	178.54
7540	178.61
7550	178.68
7560	179.14
7570	179.28
7580	179.35
7590	179.55
7600	179.76
7610	179.95
7620	180.03
7630	180.24
7640	180.31
7650	180.53
7660	180.76
7670	180.97
7680	181.11
7690	181.19
7700	181.33
7710	181.59
7720	181.74
7730	182.08
7740	182.26
7750	182.56
7760	182.74
7770	182.88
7780	183.21
7790	183.49
7800	183.66
7810	183.81
7820	183.94
7830	184.15
7840	184.18
7850	184.45
7860	184.69
7870	184.92
7880	185.08
7890	185.18
7900	185.27
7910	185.36
7920	185.51
7930	185.67
7940	185.96
7950	186.07
7960	186.05
7970	186.1
7980	186.32
7990	186.29
8000	186.53
8010	186.62
8020	186.78
8030	186.88
8040	187.16
8050	187.35
8060	187.57
8070	187.73
8080	187.95
8090	188.13
8100	188.36
8110	188.51
8120	188.88
8130	189.04
8140	189.2
8150	189.2
8160	189.3
8170	189.44
8180	189.62
8190	189.83
8200	190.08
8210	190.12
8220	190.23
8230	190.41
8240	190.59
8250	190.7
8260	190.87
8270	190.87
8280	191.1
8290	191.3
8300	191.56
8310	191.64
8320	191.88
8330	192.05
8340	192.36
8350	192.78
8360	193.0
8370	193.27
8380	193.44
8390	193.58
8400	193.76
8410	193.94
8420	194.25
8430	194.3
8440	194.45
8450	194.7
8460	194.94
8470	195.27
8480	195.52
8490	195.66
8500	195.74
8510	195.83
8520	196.05
8530	195.93
8540	195.91
8550	195.94
8560	196.16
8570	196.4
8580	196.58
8590	196.7
8600	196.95
8610	197.15
8620	197.38
8630	197.42
8640	197.63
8650	197.68
8660	197.86
8670	198.02
8680	197.97
8690	198.23
8700	198.39
8710	198.48
8720	198.55
8730	198.7
8740	198.71
8750	198.79
8760	198.96
8770	198.83
8780	198.83
8790	198.92
8800	198.97
8810	199.11
8820	199.29
8830	199.45
8840	199.66
8850	199.88
8860	200.07
8870	200.23
8880	200.43
8890	200.46
8900	200.61
8910	200.7
8920	200.93
8930	201.1
8940	201.33
8950	201.51
8960	201.63
8970	201.76
8980	201.97
8990	202.1
9000	202.21
9010	202.46
9020	202.66
9030	202.81
9040	202.98
9050	203.24
9060	203.38
9070	203.76
9080	203.93
9090	203.97
9100	204.24
9110	204.46
9120	204.64
9130	204.78
9140	204.98
9150	205.27
9160	205.52
9170	205.67
9180	205.76
9190	205.92
9200	206.24
9210	206.47
9220	206.51
9230	206.8
9240	206.94
9250	207.08
9260	207.13
9270	207.31
9280	207.54
9290	207.67
9300	207.83
9310	207.89
9320	208.12
9330	208.28
9340	208.41
9350	208.61
9360	208.89
9370	209.05
9380	209.26
9390	209.39
9400	209.45
9410	209.68
9420	209.71
9430	210.04
9440	210.2
9450	210.32
9460	210.53
9470	210.79
9480	211.0
9490	211.21
9500	211.41
9510	211.44
9520	211.67
9530	211.88
9540	212.1
9550	212.24
9560	212.44
9570	212.58
9580	212.87
9590	212.95
9600	213.08
9610	213.21
9620	213.4
9630	213.51
9640	213.71
9650	213.89
9660	214.06
9670	214.13
9680	214.35
9690	214.45
9700	214.5
9710	214.7
9720	214.83
9730	215.18
9740	215.36
9750	215.42
9760	215.49
9770	215.75
9780	215.99
9790	216.08
9800	216.38
9810	216.55
9820	216.74
9830	216.86
9840	216.88
9850	217.11
9860	217.38
9870	217.47
9880	217.61
9890	217.76
9900	217.87
9910	218.08
9920	218.3
9930	218.47
9940	218.61
9950	218.64
9960	218.87
9970	218.99
9980	219.25
9990	219.4
10000	219.6
10010	219.84
10020	220.02
10030	220.24
10040	220.44
10050	220.58
10060	220.71
10070	220.85
10080	221.12
10090	221.45
10100	221.62
10110	221.81
10120	221.83
10130	222.08
10140	222.11
10150	222.38
10160	222.53
10170	222.86
10180	223.06
10190	223.12
10200	223.28
10210	223.52
10220	223.76
10230	223.76
10240	223.97
10250	224.19
10260	224.44
10270	224.46
10280	224.63
10290	224.73
10300	224.88
10310	225.08
10320	225.27
10330	225.45
10340	225.54
10350	225.63
10360	225.83
10370	225.95
10380	226.27
10390	226.33
10400	226.6
10410	226.81
10420	227.07
10430	227.25
10440	227.3
10450	227.51
10460	227.59
10470	227.66
10480	227.8
10490	227.93
10500	228.09
10510	228.14
10520	228.44
10530	228.57
10540	228.66
10550	228.87
10560	229.24
10570	229.25
10580	229.39
10590	229.69
10600	229.93
10610	230.15
10620	230.22
10630	230.4
10640	230.7
10650	230.64
10660	230.86
10670	231.02
10680	231.22
10690	231.35
10700	231.62
10710	231.85
10720	232.08
10730	232.31
10740	232.43
10750	232.55
10760	232.72
10770	232.77
10780	232.88
10790	233.1
10800	233.22
10810	233.37
10820	233.47
10830	233.55
10840	233.61
10850	233.53
10860	233.66
10870	233.84
10880	234.07
10890	234.18
10900	234.29
10910	234.57
10920	234.6
10930	234.61
10940	234.83
10950	234.91
10960	235.1
10970	235.24
10980	235.3
10990	235.43
11000	235.58
11010	235.72
11020	235.76
11030	235.97
11040	236.28
11050	236.35
11060	236.42
11070	236.57
11080	236.75
11090	236.87
11100	237.01
11110	237.23
11120	237.46
11130	237.66
11140	237.74
11150	237.9
11160	238.0
11170	238.23
11180	238.4
11190	238.63
11200	238.79
11210	238.99
11220	239.15
11230	239.22
11240	239.3
11250	239.48
11260	239.64
11270	239.81
11280	240.02
11290	240.09
11300	240.24
11310	240.29
11320	240.51
11330	240.87
11340	241.02
11350	241.39
11360	241.57
11370	241.63
11380	241.66
11390	241.89
11400	242.05
11410	242.25
11420	242.46
11430	242.47
11440	242.52
11450	242.62
11460	242.62
11470	242.84
11480	242.89
11490	243.02
11500	243.3
11510	243.29
11520	243.43
11530	243.61
11540	243.81
11550	243.99
11560	244.13
11570	244.36
11580	244.38
11590	244.37
11600	244.38
11610	244.5
11620	244.68
11630	244.97
11640	245.25
11650	245.38
11660	245.59
11670	245.73
11680	245.87
11690	246.07
11700	246.15
11710	246.25
11720	246.29
11730	246.21
11740	246.39
11750	246.46
11760	246.45
11770	246.5
11780	246.67
11790	247.0
11800	247.26
11810	247.29
11820	247.35
11830	247.51
11840	247.58
11850	247.61
11860	247.8
11870	247.97
11880	248.19
11890	248.21
11900	248.45
11910	248.59
11920	248.66
11930	248.68
11940	248.92
11950	249.02
11960	249.3
11970	249.36
11980	249.55
11990	249.6
12000	249.87
12010	249.95
12020	250.05
12030	250.33
12040	250.36
12050	250.51
12060	250.67
12070	250.87
12080	250.88
12090	250.97
12100	251.0
12110	251.16
12120	251.33
12130	251.49
12140	251.61
12150	251.73
12160	251.81
12170	251.92
12180	252.2
12190	252.38
12200	252.49
12210	252.69
12220	252.81
12230	252.89
12240	252.98
12250	253.0
12260	253.31
12270	253.26
12280	253.21
12290	253.24
12300	253.43
12310	253.46
12320	253.72
12330	253.94
12340	254.04
12350	254.33
12360	254.57
12370	254.69
12380	254.81
12390	254.93
12400	255.12
12410	255.21
12420	255.39
12430	255.44
12440	255.54
12450	255.66
12460	255.55
12470	255.51
12480	255.48
12490	255.69
12500	255.77
12510	255.91
12520	256.07
12530	256.16
12540	256.39
12550	256.52
12560	256.47
12570	256.7
12580	257.0
12590	257.11
12600	257.25
12610	257.38
12620	257.5
12630	257.56
12640	257.62
12650	257.82
12660	258.14
12670	258.32
12680	258.5
12690	258.51
12700	258.57
12710	258.64
12720	258.61
12730	258.64
12740	258.68
12750	258.79
12760	259.05
12770	259.19
12780	259.36
12790	259.52
12800	259.57
12810	259.77
12820	259.97
12830	260.17
12840	260.23
12850	260.34
12860	260.46
12870	260.69
12880	260.96
12890	261.22
12900	261.3
12910	261.43
12920	261.72
12930	261.72
12940	261.84
12950	261.88
12960	262.07
12970	262.16
12980	262.31
12990	262.49
13000	262.67
13010	262.73
13020	262.76
13030	263.0
13040	263.14
13050	263.27
13060	263.38
13070	263.58
13080	263.72
13090	263.89
13100	263.86
13110	264.07
13120	264.13
13130	264.45
13140	264.59
13150	264.67
13160	264.78
13170	264.91
13180	264.89
13190	264.99
13200	265.09
13210	265.2
13220	265.5
13230	265.58
13240	265.73
13250	265.98
13260	266.07
13270	266.13
13280	266.27
13290	266.47
13300	266.56
13310	266.81
13320	267.07
13330	267.33
13340	267.48
13350	267.68
13360	267.8
13370	268.01
13380	268.13
13390	268.11
13400	268.19
13410	268.37
13420	268.5
13430	268.52
13440	268.57
13450	268.65
13460	268.75
13470	269.03
13480	269.02
13490	269.11
13500	269.29
13510	269.33
13520	269.39
13530	269.43
13540	269.55
13550	269.6
13560	269.81
13570	270.0
13580	270.01
13590	270.29
13600	270.38
13610	270.6
13620	270.69
13630	270.88
13640	271.12
13650	271.33
13660	271.43
13670	271.56
13680	271.62
13690	271.56
13700	271.65
13710	271.7
13720	272.01
13730	272.12
13740	272.29
13750	272.33
13760	272.38
13770	272.53
13780	272.68
13790	272.68
13800	272.78
13810	272.9
13820	273.04
13830	273.23
13840	273.39
13850	273.62
13860	273.73
13870	273.86
13880	274.02
13890	274.22
13900	274.29
13910	274.26
13920	274.4
13930	274.44
13940	274.54
13950	274.73
13960	274.92
13970	275.19
13980	275.32
13990	275.44
14000	275.66
14010	275.78
14020	275.74
14030	275.78
14040	275.92
14050	276.05
14060	276.11
14070	276.23
14080	276.23
14090	276.34
14100	276.5
14110	276.67
14120	276.78
14130	276.86
14140	277.08
14150	277.18
14160	277.32
14170	277.42
14180	277.33
14190	277.33
14200	277.42
14210	277.55
14220	277.73
14230	277.8
14240	277.91
14250	278.0
14260	278.02
14270	278.12
14280	278.31
14290	278.39
14300	278.51
14310	278.68
14320	278.67
14330	278.77
14340	278.84
14350	279.03
14360	279.11
14370	279.24
14380	279.42
14390	279.46
14400	279.54
14410	279.79
14420	279.97
14430	280.07
14440	280.24
14450	280.43
14460	280.55
14470	280.65
14480	280.78
14490	280.76
14500	280.84
14510	280.87
14520	280.94
14530	280.99
14540	281.22
14550	281.42
14560	281.59
14570	281.71
14580	281.83
14590	281.97
14600	282.05
14610	282.13
14620	282.27
14630	282.38
14640	282.66
14650	282.83
14660	282.9
14670	282.94
14680	283.08
14690	283.29
14700	283.53
14710	283.73
14720	283.8
14730	283.93
14740	283.86
14750	284.05
14760	284.3
14770	284.54
14780	284.72
14790	284.86
14800	284.98
14810	285.37
14820	285.47
14830	285.43
14840	285.67
14850	285.66
14860	285.88
14870	285.92
14880	286.12
14890	286.3
14900	286.43
14910	286.58
14920	286.84
14930	287.12
14940	287.18
14950	287.33
14960	287.43
14970	287.48
14980	287.77
14990	287.77
15000	287.92
15010	288.19
15020	288.37
15030	288.36
15040	288.52
15050	288.52
15060	288.57
15070	288.65
15080	288.78
15090	288.97
15100	289.02
15110	289.05
15120	289.32
15130	289.6
15140	289.77
15150	289.93
15160	290.09
15170	290.17
15180	290.32
15190	290.39
15200	290.37
15210	290.54
15220	290.57
15230	290.67
15240	290.79
15250	290.92
15260	291.21
15270	291.48
15280	291.62
15290	291.9
15300	291.93
15310	291.95
15320	292.13
15330	292.18
15340	292.19
15350	292.27
15360	292.34
15370	292.56
15380	292.67
15390	292.73
15400	292.71
15410	292.87
15420	292.86
15430	292.95
15440	293.03
15450	293.14
15460	293.39
15470	293.52
15480	293.63
15490	293.73
15500	293.93
15510	294.23
15520	294.36
15530	294.38
15540	294.53
15550	294.81
15560	294.99
15570	295.05
15580	295.19
15590	295.33
15600	295.49
15610	295.63
15620	295.75
15630	296.02
15640	296.05
15650	296.04
15660	296.21
15670	296.29
15680	296.49
15690	296.52
15700	296.67
15710	296.82
15720	297.0
15730	297.1
15740	297.08
15750	297.13
15760	297.29
15770	297.38
15780	297.49
15790	297.63
15800	297.68
15810	297.76
15820	297.88
15830	297.91
15840	298.04
15850	298.23
15860	298.45
15870	298.67
15880	298.85
15890	299.1
15900	299.25
15910	299.46
15920	299.54
15930	299.77
15940	299.88
15950	300.01
15960	300.14
15970	300.3
15980	300.29
15990	300.31
16000	300.36
16010	300.5
16020	300.59
16030	300.68
16040	300.87
16050	301.03
16060	301.25
16070	301.18
16080	301.19
16090	301.15
16100	301.36
16110	301.43
16120	301.54
16130	301.69
16140	301.8
16150	302.01
16160	302.18
16170	302.24
16180	302.28
16190	302.33
16200	302.57
16210	302.59
16220	302.69
16230	302.83
16240	302.88
16250	303.0
16260	303.16
16270	303.36
16280	303.49
16290	303.64
16300	303.77
16310	303.77
16320	303.75
16330	303.81
16340	303.93
16350	304.15
16360	304.32
16370	304.39
16380	304.63
16390	304.78
16400	304.93
16410	305.06
16420	305.19
16430	305.28
16440	305.4
16450	305.46
16460	305.56
16470	305.61
16480	305.73
16490	305.9
16500	306.04
16510	306.26
16520	306.37
16530	306.34
16540	306.43
16550	306.56
16560	306.72
16570	306.87
16580	306.96
16590	307.04
16600	307.12
16610	307.18
16620	307.17
16630	307.33
16640	307.42
16650	307.65
16660	307.74
16670	307.92
16680	308.05
16690	308.18
16700	308.25
16710	308.35
16720	308.48
16730	308.64
16740	308.73
16750	308.85
16760	309.14
16770	309.18
16780	309.42
16790	309.64
16800	309.78
16810	309.84
16820	309.96
16830	310.1
16840	310.26
16850	310.22
16860	310.34
16870	310.39
16880	310.51
16890	310.52
16900	310.75
16910	310.87
16920	310.93
16930	311.05
16940	311.09
16950	311.22
16960	311.26
16970	311.36
16980	311.41
16990	311.62
17000	311.6
17010	311.75
17020	312.0
17030	312.14
17040	312.35
17050	312.56
17060	312.75
17070	312.87
17080	312.97
17090	313.14
17100	313.27
17110	313.29
17120	313.43
17130	313.55
17140	313.72
17150	313.75
17160	313.79
17170	313.91
17180	314.0
17190	314.08
17200	314.25
17210	314.43
17220	314.59
17230	314.66
17240	314.84
17250	314.92
17260	315.0
17270	315.13
17280	315.33
17290	315.55
17300	315.74
17310	315.77
17320	315.9
17330	316.06
17340	316.17
17350	316.17
17360	316.17
17370	316.19
17380	316.27
17390	316.36
17400	316.53
17410	316.54
17420	316.68
17430	316.95
17440	317.02
17450	317.17
17460	317.34
17470	317.43
17480	317.49
17490	317.53
17500	317.69
17510	317.81
17520	317.79
17530	317.85
17540	317.98
17550	318.17
17560	318.31
17570	318.34
17580	318.48
17590	318.53
17600	318.58
17610	318.62
17620	318.79
17630	318.94
17640	319.05
17650	319.14
17660	319.27
17670	319.4
17680	319.41
17690	319.53
17700	319.58
17710	319.72
17720	319.76
17730	319.91
17740	320.1
17750	320.14
17760	320.3
17770	320.52
17780	320.67
17790	320.68
17800	320.7
17810	320.82
17820	320.84
17830	320.75
17840	320.85
17850	320.96
17860	321.18
17870	321.3
17880	321.49
17890	321.57
17900	321.63
17910	321.81
17920	321.96
17930	322.08
17940	322.06
17950	322.08
17960	322.14
17970	322.33
17980	322.4
17990	322.42
18000	322.53
18010	322.71
18020	322.9
18030	322.92
18040	322.98
18050	322.81
18060	322.86
18070	322.94
18080	323.0
18090	323.12
18100	323.24
18110	323.46
18120	323.56
18130	323.76
18140	323.89
18150	323.95
18160	324.23
18170	324.37
18180	324.44
18190	324.5
18200	324.69
18210	324.89
18220	325.01
18230	325.08
18240	325.16
18250	325.32
18260	325.38
18270	325.5
18280	325.5
18290	325.59
18300	325.7
18310	325.82
18320	326.04
18330	325.96
18340	326.03
18350	326.26
18360	326.33
18370	326.42
18380	326.59
18390	326.54
18400	326.63
18410	326.74
18420	326.85
18430	327.0
18440	327.2
18450	327.36
18460	327.51
18470	327.59
18480	327.63
18490	327.74
18500	327.81
18510	327.95
18520	327.96
18530	327.91
18540	327.95
18550	328.08
18560	328.25
18570	328.4
18580	328.48
18590	328.55
18600	328.69
18610	328.87
18620	328.87
18630	329.03
18640	329.26
18650	329.42
18660	329.61
18670	329.8
18680	329.95
18690	330.05
18700	330.1
18710	330.19
18720	330.37
18730	330.42
18740	330.48
18750	330.57
18760	330.65
18770	330.63
18780	330.71
18790	330.8
18800	330.94
18810	331.1
18820	331.26
18830	331.39
18840	331.5
18850	331.62
18860	331.64
18870	331.82
18880	331.87
18890	331.89
18900	332.04
18910	332.01
18920	332.11
18930	332.2
18940	332.27
18950	332.3
18960	332.31
18970	332.33
18980	332.5
18990	332.51
19000	332.6
19010	332.76
19020	332.89
19030	333.0
19040	333.16
19050	333.26
19060	333.33
19070	333.5
19080	333.58
19090	333.72
19100	333.78
19110	333.92
19120	334.04
19130	333.98
19140	334.04
19150	334.1
19160	334.22
19170	334.3
19180	334.52
19190	334.67
19200	334.62
19210	334.69
19220	334.82
19230	334.81
19240	334.87
19250	334.91
19260	334.91
19270	334.99
19280	335.0
19290	335.04
19300	335.14
19310	335.11
19320	335.17
19330	335.27
19340	335.36
19350	335.58
19360	335.74
19370	335.84
19380	335.87
19390	335.99
19400	336.12
19410	336.37
19420	336.47
19430	336.67
19440	336.83
19450	336.9
19460	336.93
19470	336.97
19480	337.1
19490	337.24
19500	337.45
19510	337.65
19520	337.79
19530	337.8
19540	337.7
19550	337.79
19560	337.76
19570	337.98
19580	337.98
19590	338.24
19600	338.44
19610	338.56
19620	338.6
19630	338.79
19640	338.8
19650	338.87
19660	338.99
19670	339.17
19680	339.32
19690	339.44
19700	339.54
19710	339.74
19720	339.8
19730	339.86
19740	339.9
19750	340.01
19760	340.13
19770	340.19
19780	340.41
19790	340.5
19800	340.56
19810	340.71
19820	340.78
19830	341.03
19840	341.19
19850	341.41
19860	341.44
19870	341.66
19880	341.81
19890	341.86
19900	341.91
19910	342.03
19920	342.22
19930	342.29
19940	342.21
19950	342.35
19960	342.4
19970	342.46
19980	342.5
19990	342.63
20000	342.76
20010	342.84
20020	342.83
20030	343.0
20040	343.18
20050	343.22
20060	343.38
20070	343.53
20080	343.7
20090	343.73
20100	343.8
20110	343.78
20120	343.85
20130	343.88
20140	343.88
20150	344.11
20160	344.29
20170	344.52
20180	344.64
20190	344.8
20200	344.88
20210	345.0
20220	345.17
20230	345.26
20240	345.42
20250	345.58
20260	345.63
20270	345.66
20280	345.87
20290	346.05
20300	346.15
20310	346.14
20320	346.27
20330	346.25
20340	346.44
20350	346.62
20360	346.9
20370	347.04
20380	347.14
20390	347.23
20400	347.38
20410	347.59
20420	347.62
20430	347.75
20440	347.76
20450	347.89
20460	348.01
20470	348.1
20480	348.3
20490	348.47
20500	348.65
20510	348.81
20520	348.84
20530	349.06
20540	349.16
20550	349.26
20560	349.33
20570	349.37
20580	349.53
20590	349.6
20600	349.64
20610	349.72
20620	349.8
20630	349.91
20640	350.11
20650	350.07
20660	350.31
20670	350.38
20680	350.48
20690	350.57
20700	350.68
20710	350.81
20720	350.96
20730	350.99
20740	351.06
20750	351.05
20760	351.22
20770	351.24
20780	351.31
20790	351.34
20800	351.49
20810	351.48
20820	351.53
20830	351.55
20840	351.75
20850	351.85
20860	351.9
20870	352.02
20880	352.12
20890	352.3
20900	352.27
20910	352.33
20920	352.35
20930	352.46
20940	352.5
20950	352.7
20960	352.82
20970	353.09
20980	353.25
20990	353.29
21000	353.34
21010	353.48
21020	353.51
21030	353.57
21040	353.59
21050	353.67
21060	353.71
21070	353.81
21080	353.8
21090	353.86
21100	353.87
21110	354.0
21120	354.19
21130	354.24
21140	354.24
21150	354.19
21160	354.15
21170	354.35
21180	354.51
21190	354.69
21200	354.83
21210	354.88
21220	354.89
21230	355.02
21240	355.18
21250	355.28
21260	355.35
21270	355.5
21280	355.62
21290	355.66
21300	355.74
21310	355.76
21320	355.84
21330	355.97
21340	356.15
21350	356.3
21360	356.38
21370	356.38
21380	356.52
21390	356.57
21400	356.8
21410	356.88
21420	356.96
21430	357.13
21440	357.17
21450	357.14
21460	357.23
21470	357.34
21480	357.46
21490	357.7
21500	357.74
21510	357.66
21520	357.78
21530	357.83
21540	357.91
21550	358.04
21560	358.14
21570	358.39
21580	358.44
21590	358.57
21600	358.75
21610	358.8
21620	358.95
21630	359.01
21640	359.11
21650	359.16
21660	359.28
21670	359.3
21680	359.43
21690	359.39
21700	359.45
21710	359.43
21720	359.53
21730	359.72
21740	359.78
21750	359.83
21760	359.96
21770	360.04
21780	360.12
21790	360.29
21800	360.42
21810	360.55
21820	360.63
21830	360.78
21840	360.8
21850	360.83
21860	360.85
21870	361.11
21880	361.2
21890	361.23
21900	361.51
21910	361.68
21920	361.77
21930	361.72
21940	361.8
21950	362.0
21960	362.02
21970	362.18
21980	362.09
21990	362.25
22000	362.38
22010	362.41
22020	362.45
22030	362.59
22040	362.82
22050	362.95
22060	362.99
22070	363.12
22080	363.22
22090	363.29
22100	363.4
22110	363.45
22120	363.55
22130	363.63
22140	363.9
22150	364.1
22160	364.18
22170	364.26
22180	364.51
22190	364.49
22200	364.54
22210	364.76
22220	364.92
22230	365.01
22240	365.13
22250	365.3
22260	365.37
22270	365.46
22280	365.53
22290	365.7
22300	365.9
22310	366.03
22320	366.23
22330	366.32
22340	366.35
22350	366.36
22360	366.46
22370	366.58
22380	366.69
22390	366.75
22400	366.69
22410	366.9
22420	367.08
22430	367.19
22440	367.3
22450	367.24
22460	367.31
22470	367.42
22480	367.44
22490	367.46
22500	367.46
22510	367.64
22520	367.82
22530	368.03
22540	368.04
22550	368.1
22560	368.04
22570	368.15
22580	368.27
22590	368.38
22600	368.62
22610	368.73
22620	368.88
22630	368.97
22640	369.09
22650	369.35
22660	369.41
22670	369.6
22680	369.8
22690	369.92
22700	369.99
22710	370.17
22720	370.34
22730	370.52
22740	370.81
22750	370.8
22760	371.11
22770	371.25
22780	371.32
22790	371.4
22800	371.47
22810	371.55
22820	371.57
22830	371.67
22840	371.78
22850	371.91
22860	372.01
22870	372.18
22880	372.18
22890	372.38
22900	372.43
22910	372.51
22920	372.58
22930	372.73
22940	372.93
22950	372.87
22960	372.95
22970	372.98
22980	373.02
22990	373.17
23000	373.28
23010	373.4
23020	373.59
23030	373.84
23040	373.9
23050	374.02
23060	374.05
23070	374.26
23080	374.28
23090	374.42
23100	374.56
23110	374.64
23120	374.87
23130	374.97
23140	375.13
23150	375.14
23160	375.36
23170	375.41
23180	375.46
23190	375.61
23200	375.85
23210	375.89
23220	375.94
23230	376.01
23240	376.27
23250	376.4
23260	376.51
23270	376.65
23280	376.81
23290	376.98
23300	377.13
23310	377.16
23320	377.31
23330	377.49
23340	377.72
23350	377.75
23360	377.81
23370	377.87
23380	378.04
23390	378.1
23400	378.24
23410	378.25
23420	378.29
23430	378.48
23440	378.48
23450	378.51
23460	378.66
23470	378.82
23480	379.03
23490	379.12
23500	379.31
23510	379.28
23520	379.39
23530	379.53
23540	379.64
23550	379.79
23560	379.91
23570	379.91
23580	379.98
23590	380.07
23600	380.13
23610	380.3
23620	380.51
23630	380.58
23640	380.73
23650	380.86
23660	380.93
23670	380.99
23680	381.11
23690	381.33
23700	381.25
23710	381.32
23720	381.4
23730	381.48
23740	381.53
23750	381.6
23760	381.59
23770	381.72
23780	381.8
23790	381.8
23800	381.92
23810	382.1
23820	382.04
23830	382.07
23840	382.06
23850	382.05
23860	382.27
23870	382.41
23880	382.63
23890	382.62
23900	382.75
23910	382.85
23920	382.83
23930	382.98
23940	383.15
23950	383.31
23960	383.34
23970	383.42
23980	383.48
23990	383.52
24000	383.69
24010	383.9
24020	384.01
24030	384.2
24040	384.34
24050	384.42
24060	384.52
24070	384.65
24080	384.69
24090	384.8
24100	384.92
24110	385.04
24120	385.16
24130	385.15
24140	385.32
24150	385.36
24160	385.49
24170	385.63
24180	385.7
24190	385.76
24200	385.77
24210	385.88
24220	385.85
24230	385.91
24240	386.0
24250	386.09
24260	386.25
24270	386.38
24280	386.59
24290	386.63
24300	386.67
24310	386.77
24320	386.79
24330	386.89
24340	386.92
24350	386.97
24360	387.05
24370	387.13
24380	387.21
24390	387.24
24400	387.4
24410	387.51
24420	387.65
24430	387.7
24440	387.83
24450	387.86
24460	387.89
24470	387.95
24480	388.12
24490	388.26
24500	388.29
24510	388.3
24520	388.33
24530	388.6
24540	388.64
24550	388.67
24560	388.79
24570	388.88
24580	388.95
24590	389.02
24600	389.17
24610	389.18
24620	389.28
24630	389.35
24640	389.53
24650	389.58
24660	389.63
24670	389.74
24680	389.86
24690	389.91
24700	390.02
24710	390.05
24720	390.12
24730	390.16
24740	390.22
24750	390.24
24760	390.39
24770	390.46
24780	390.44
24790	390.43
24800	390.49
24810	390.59
24820	390.78
24830	390.77
24840	390.93
24850	391.09
24860	391.33
24870	391.51
24880	391.61
24890	391.61
24900	391.73
24910	391.84
24920	391.98
24930	392.07
24940	392.22
24950	392.35
24960	392.48
24970	392.59
24980	392.78
24990	392.85
25000	392.95
25010	393.04
25020	393.08
25030	393.25
25040	393.35
25050	393.5
25060	393.49
25070	393.61
25080	393.68
25090	393.68
25100	393.69
25110	393.83
25120	394.0
25130	394.2
25140	394.24
25150	394.33
25160	394.46
25170	394.56
25180	394.62
25190	394.72
25200	394.76
25210	394.69
25220	394.59
25230	394.72
25240	394.67
25250	394.64
25260	394.72
25270	394.86
25280	394.99
25290	395.15
25300	395.26
25310	395.35
25320	395.4
25330	395.47
25340	395.52
25350	395.63
25360	395.79
25370	395.86
25380	396.01
25390	396.22
25400	396.28
25410	396.35
25420	396.47
25430	396.38
25440	396.42
25450	396.5
25460	396.54
25470	396.61
25480	396.76
25490	396.82
25500	396.9
25510	396.89
25520	397.06
25530	397.2
25540	397.39
25550	397.54
25560	397.68
25570	397.79
25580	397.89
25590	397.94
25600	398.08
25610	398.07
25620	398.21
25630	398.22
25640	398.24
25650	398.34
25660	398.51
25670	398.62
25680	398.79
25690	398.92
25700	398.9
25710	398.98
25720	399.05
25730	399.31
25740	399.36
25750	399.47
25760	399.5
25770	399.64
25780	399.77
25790	399.91
25800	400.05
25810	400.1
25820	400.24
25830	400.28
25840	400.39
25850	400.48
25860	400.6
25870	400.71
25880	400.81
25890	400.79
25900	400.84
25910	400.81
25920	400.97
25930	401.04
25940	401.14
25950	401.31
25960	401.28
25970	401.48
25980	401.57
25990	401.58
26000	401.61
26010	401.69
26020	401.84
26030	401.88
26040	401.83
26050	401.9
26060	402.04
26070	402.12
26080	402.24
26090	402.36
26100	402.45
26110	402.48
26120	402.59
26130	402.67
26140	402.78
26150	402.87
26160	402.89
26170	402.99
26180	403.07
26190	403.23
26200	403.27
26210	403.35
26220	403.35
26230	403.43
26240	403.48
26250	403.6
26260	403.77
26270	403.86
26280	403.97
26290	404.03
26300	404.07
26310	404.16
26320	404.24
26330	404.35
26340	404.52
26350	404.68
26360	404.7
26370	404.78
26380	404.85
26390	404.92
26400	405.09
26410	405.04
26420	405.24
26430	405.31
26440	405.4
26450	405.45
26460	405.62
26470	405.71
26480	405.69
26490	405.87
26500	405.81
26510	405.99
26520	406.19
26530	406.43
26540	406.54
26550	406.62
26560	406.78
26570	406.77
26580	406.72
26590	406.89
26600	406.86
26610	406.97
26620	407.09
26630	407.14
26640	407.28
26650	407.38
26660	407.47
26670	407.6
26680	407.67
26690	407.77
26700	407.77
26710	407.81
26720	407.84
26730	407.92
26740	408.03
26750	408.18
26760	408.31
26770	408.47
26780	408.4
26790	408.49
26800	408.56
26810	408.72
26820	408.84
26830	408.88
26840	408.91
26850	409.02
26860	408.98
26870	409.04
26880	409.13
26890	409.31
26900	409.34
26910	409.35
26920	409.5
26930	409.54
26940	409.64
26950	409.8
26960	409.91
26970	410.13
26980	410.3
26990	410.22
27000	410.25
27010	410.38
27020	410.55
27030	410.66
27040	410.94
27050	411.05
27060	411.05
27070	411.12
27080	411.16
27090	411.28
27100	411.36
27110	411.48
27120	411.75
27130	411.76
27140	411.87
27150	411.81
27160	411.73
27170	411.88
27180	412.06
27190	412.18
27200	412.38
27210	412.51
27220	412.61
27230	412.74
27240	412.85
27250	412.94
27260	413.01
27270	413.12
27280	413.17
27290	413.16
27300	413.18
27310	413.26
27320	413.26
27330	413.17
27340	413.24
27350	413.34
27360	413.34
27370	413.53
27380	413.58
27390	413.64
27400	413.77
27410	413.87
27420	413.97
27430	413.97
27440	414.1
27450	414.25
27460	414.31
27470	414.46
27480	414.55
27490	414.69
27500	414.72
27510	414.7
27520	414.9
27530	414.93
27540	415.03
27550	414.99
27560	415.09
27570	415.13
27580	415.26
27590	415.31
27600	415.41
27610	415.47
27620	415.53
27630	415.57
27640	415.57
27650	415.69
27660	415.83
27670	415.96
27680	416.04
27690	416.15
27700	416.27
27710	416.33
27720	416.48
27730	416.64
27740	416.7
27750	416.69
27760	416.86
27770	416.88
27780	416.99
27790	417.07
27800	417.07
27810	417.17
27820	417.25
27830	417.35
27840	417.43
27850	417.57
27860	417.64
27870	417.82
27880	417.88
27890	418.0
27900	418.12
27910	418.07
27920	418.09
27930	418.16
27940	418.18
27950	418.19
27960	418.3
27970	418.32
27980	418.51
27990	418.66
28000	418.72
28010	418.76
28020	418.8
28030	418.96
28040	418.99
28050	419.07
28060	419.02
28070	419.24
28080	419.34
28090	419.6
28100	419.77
28110	419.98
28120	420.03
28130	420.1
28140	420.11
28150	420.25
28160	420.28
28170	420.45
28180	420.52
28190	420.63
28200	420.73
28210	420.76
28220	420.96
28230	421.2
28240	421.34
28250	421.43
28260	421.47
28270	421.49
28280	421.55
28290	421.63
28300	421.69
28310	421.7
28320	421.82
28330	421.95
28340	422.13
28350	422.25
28360	422.36
28370	422.29
28380	422.44
28390	422.48
28400	422.46
28410	422.53
28420	422.6
28430	422.85
28440	422.9
28450	423.03
28460	423.17
28470	423.45
28480	423.55
28490	423.67
28500	423.72
28510	423.9
28520	423.95
28530	423.8
28540	423.78
28550	423.93
28560	423.98
28570	424.21
28580	424.39
28590	424.49
28600	424.59
28610	424.73
28620	424.83
28630	424.99
28640	425.15
28650	425.26
28660	425.32
28670	425.3
28680	425.38
28690	425.46
28700	425.48
28710	425.58
28720	425.72
28730	425.81
28740	425.96
28750	426.06
28760	426.39
28770	426.33
28780	426.37
28790	426.39
28800	426.34
28810	426.38
28820	426.6
28830	426.64
28840	426.62
28850	426.65
28860	426.81
28870	426.88
28880	426.88
28890	426.88
28900	427.03
28910	427.2
28920	427.41
28930	427.55
28940	427.65
28950	427.68
28960	427.73
28970	427.9
28980	427.99
28990	428.04
29000	428.05
29010	428.28
29020	428.44
29030	428.52
29040	428.57
29050	428.52
29060	428.61
29070	428.75
29080	428.82
29090	428.88
29100	428.88
29110	428.96
29120	429.04
29130	429.15
29140	429.18
29150	429.22
29160	429.23
29170	429.33
29180	429.29
29190	429.31
29200	429.35
29210	429.46
29220	429.58
29230	429.69
29240	429.8
29250	429.91
29260	430.07
29270	430.27
29280	430.39
29290	430.43
29300	430.45
29310	430.59
29320	430.69
29330	430.76
29340	430.9
29350	430.98
29360	430.97
29370	431.14
29380	431.26
29390	431.36
29400	431.33
29410	431.5
29420	431.62
29430	431.6
29440	431.78
29450	431.74
29460	431.72
29470	431.81
29480	431.88
29490	431.97
29500	432.06
29510	432.22
29520	432.25
29530	432.37
29540	432.55
29550	432.61
29560	432.67
29570	432.78
29580	432.83
29590	432.94
29600	432.95
29610	432.96
29620	432.95
29630	433.0
29640	432.92
29650	433.0
29660	433.14
29670	433.29
29680	433.34
29690	433.25
29700	433.33
29710	433.42
29720	433.47
29730	433.53
29740	433.6
29750	433.68
29760	433.69
29770	433.7
29780	433.78
29790	433.77
29800	433.75
29810	434.0
29820	434.21
29830	434.26
29840	434.39
29850	434.52
29860	434.69
29870	434.8
29880	434.93
29890	435.11
29900	435.21
29910	435.41
29920	435.49
29930	435.53
29940	435.61
29950	435.68
29960	435.66
29970	435.84
29980	435.92
29990	435.96
30000	436.05
30010	436.2
30020	436.23
30030	436.35
30040	436.42
30050	436.48
30060	436.53
30070	436.62
30080	436.71
30090	436.83
30100	436.84
30110	437.06
30120	437.17
30130	437.12
30140	437.25
30150	437.37
30160	437.34
30170	437.34
30180	437.42
30190	437.48
30200	437.55
30210	437.62
30220	437.68
30230	437.69
30240	437.91
30250	437.92
30260	437.95
30270	437.95
30280	437.95
30290	438.05
30300	438.19
30310	438.18
30320	438.23
30330	438.44
30340	438.53
30350	438.58
30360	438.75
30370	438.84
30380	438.95
30390	439.03
30400	439.16
30410	439.32
30420	439.37
30430	439.29
30440	439.35
30450	439.37
30460	439.5
30470	439.56
30480	439.68
30490	439.7
30500	439.74
30510	439.7
30520	439.8
30530	439.95
30540	440.02
30550	439.97
30560	440.19
30570	440.24
30580	440.28
30590	440.43
30600	440.6
30610	440.69
30620	440.86
30630	441.03
30640	441.07
30650	441.13
30660	441.26
30670	441.47
30680	441.58
30690	441.49
30700	441.6
30710	441.61
30720	441.7
30730	441.76
30740	441.84
30750	441.91
30760	441.97
30770	442.19
30780	442.37
30790	442.46
30800	442.57
30810	442.56
30820	442.63
30830	442.73
30840	442.91
30850	443.0
30860	443.01
30870	443.06
30880	443.13
30890	443.2
30900	443.26
30910	443.35
30920	443.37
30930	443.48
30940	443.5
30950	443.61
30960	443.71
30970	443.71
30980	443.84
30990	443.97
31000	444.06
31010	444.13
31020	444.16
31030	444.3
31040	444.43
31050	444.52
31060	444.56
31070	444.69
31080	444.68
31090	444.76
31100	444.91
31110	444.86
31120	445.04
31130	445.2
31140	445.26
31150	445.33
31160	445.44
31170	445.51
31180	445.62
31190	445.66
31200	445.78
31210	445.77
31220	445.89
31230	446.0
31240	446.0
31250	446.1
31260	446.14
31270	446.22
31280	446.33
31290	446.41
31300	446.49
31310	446.56
31320	446.65
31330	446.82
31340	446.82
31350	446.98
31360	447.1
31370	447.13
31380	447.23
31390	447.19
31400	447.17
31410	447.34
31420	447.47
31430	447.49
31440	447.56
31450	447.61
31460	447.73
31470	447.87
31480	448.04
31490	448.15
31500	448.24
31510	448.35
31520	448.47
31530	448.56
31540	448.61
31550	448.7
31560	448.82
31570	448.83
31580	448.86
31590	448.92
31600	449.04
31610	449.08
31620	449.17
31630	449.26
31640	449.37
31650	449.53
31660	449.54
31670	449.61
31680	449.66
31690	449.74
31700	449.81
31710	449.79
31720	449.97
31730	450.14
31740	450.1
31750	450.3
31760	450.46
31770	450.46
31780	450.46
31790	450.45
31800	450.57
31810	450.61
31820	450.65
31830	450.72
31840	450.7
31850	450.69
31860	450.7
31870	450.77
31880	450.68
31890	450.67
31900	450.88
31910	450.94
31920	451.09
31930	451.16
31940	451.21
31950	451.35
31960	451.45
31970	451.52
31980	451.57
31990	451.72
32000	451.82
32010	451.97
32020	452.03
32030	452.0
32040	452.13
32050	452.25
32060	452.33
32070	452.4
32080	452.56
32090	452.57
32100	452.69
32110	452.75
32120	452.86
32130	452.93
32140	453.06
32150	453.12
32160	453.2
32170	453.34
32180	453.38
32190	453.5
32200	453.52
32210	453.61
32220	453.63
32230	453.85
32240	453.82
32250	454.04
32260	454.25
32270	454.36
32280	454.39
32290	454.54
32300	454.57
32310	454.74
32320	454.82
32330	454.97
32340	454.92
32350	455.06
32360	455.05
32370	455.04
32380	455.14
32390	455.16
32400	455.28
32410	455.4
32420	455.47
32430	455.62
32440	455.65
32450	455.82
32460	455.92
32470	456.03
32480	456.24
32490	456.34
32500	456.45
32510	456.51
32520	456.58
32530	456.77
32540	456.8
32550	456.9
32560	456.89
32570	457.05
32580	457.11
32590	457.28
32600	457.38
32610	457.42
32620	457.37
32630	457.43
32640	457.62
32650	457.65
32660	457.71
32670	457.73
32680	457.86
32690	457.91
32700	457.94
32710	458.0
32720	458.05
32730	458.25
32740	458.31
32750	458.19
32760	458.28
32770	458.38
32780	458.48
32790	458.57
32800	458.59
32810	458.69
32820	458.7
32830	458.68
32840	458.79
32850	458.83
32860	458.98
32870	458.96
32880	459.11
32890	459.29
32900	459.33
32910	459.4
32920	459.5
32930	459.6
32940	459.74
32950	459.84
32960	459.94
32970	459.97
32980	459.98
32990	459.94
33000	460.0
33010	460.11
33020	460.18
33030	460.13
33040	460.21
33050	460.19
33060	460.16
33070	460.28
33080	460.29
33090	460.29
33100	460.43
33110	460.49
33120	460.55
33130	460.67
33140	460.77
33150	460.87
33160	460.83
33170	460.91
33180	461.0
33190	461.0
33200	461.14
33210	461.2
33220	461.17
33230	461.23
33240	461.2
33250	461.36
33260	461.42
33270	461.6
33280	461.72
33290	461.84
33300	462.01
33310	462.18
33320	462.25
33330	462.36
33340	462.38
33350	462.43
33360	462.49
33370	462.53
33380	462.62
33390	462.69
33400	462.78
33410	462.79
33420	462.96
33430	463.03
33440	463.09
33450	463.14
33460	463.17
33470	463.2
33480	463.33
33490	463.45
33500	463.51
33510	463.52
33520	463.52
33530	463.6
33540	463.64
33550	463.59
33560	463.71
33570	463.69
33580	463.66
33590	463.66
33600	463.77
33610	463.7
33620	463.77
33630	463.74
33640	463.81
33650	463.82
33660	463.97
33670	464.14
33680	464.22
33690	464.27
33700	464.33
33710	464.41
33720	464.45
33730	464.44
33740	464.56
33750	464.64
33760	464.73
33770	464.77
33780	464.8
33790	464.9
33800	465.11
33810	465.19
33820	465.31
33830	465.33
33840	465.42
33850	465.6
33860	465.79
33870	465.83
33880	465.98
33890	466.0
33900	466.03
33910	466.15
33920	466.29
33930	466.42
33940	466.54
33950	466.61
33960	466.7
33970	466.85
33980	466.96
33990	467.02
34000	467.06
34010	467.12
34020	467.14
34030	467.24
34040	467.35
34050	467.4
34060	467.57
34070	467.58
34080	467.6
34090	467.55
34100	467.6
34110	467.6
34120	467.62
34130	467.64
34140	467.7
34150	467.8
34160	467.82
34170	467.79
34180	467.88
34190	468.01
34200	468.0
34210	468.04
34220	468.09
34230	468.1
34240	468.22
34250	468.32
34260	468.34
34270	468.31
34280	468.33
34290	468.29
34300	468.32
34310	468.38
34320	468.54
34330	468.58
34340	468.56
34350	468.66
34360	468.84
34370	468.88
34380	468.95
34390	468.88
34400	468.94
34410	469.09
34420	468.98
34430	469.09
34440	469.24
34450	469.36
34460	469.34
34470	469.53
34480	469.51
34490	469.54
34500	469.59
34510	469.6
34520	469.74
34530	469.74
34540	469.76
34550	469.8
34560	469.79
34570	469.9
34580	469.98
34590	470.03
34600	470.23
34610	470.41
34620	470.46
34630	470.59
34640	470.73
34650	470.83
34660	470.83
34670	470.85
34680	470.9
34690	470.99
34700	471.03
34710	471.05
34720	471.11
34730	471.17
34740	471.25
34750	471.14
34760	471.25
34770	471.42
34780	471.57
34790	471.58
34800	471.58
34810	471.66
34820	471.73
34830	471.73
34840	471.92
34850	471.93
34860	471.97
34870	472.02
34880	472.16
34890	472.4
34900	472.56
34910	472.69
34920	472.83
34930	472.89
34940	472.92
34950	473.06
34960	473.13
34970	473.17
34980	473.35
34990	473.45
35000	473.52
35010	473.58
35020	473.62
35030	473.63
35040	473.67
35050	473.72
35060	473.82
35070	473.97
35080	474.12
35090	474.23
35100	474.26
35110	474.4
35120	474.51
35130	474.5
35140	474.54
35150	474.59
35160	474.7
35170	474.89
35180	474.98
35190	474.99
35200	475.1
35210	475.23
35220	475.33
35230	475.32
35240	475.34
35250	475.38
35260	475.48
35270	475.55
35280	475.63
35290	475.69
35300	475.84
35310	475.86
35320	475.86
35330	475.96
35340	476.04
35350	476.13
35360	476.27
35370	476.32
35380	476.4
35390	476.42
35400	476.43
35410	476.43
35420	476.53
35430	476.59
35440	476.63
35450	476.71
35460	476.88
35470	476.9
35480	477.0
35490	477.0
35500	477.02
35510	477.19
35520	477.32
35530	477.45
35540	477.5
35550	477.44
35560	477.55
35570	477.65
35580	477.75
35590	477.76
35600	477.84
35610	477.88
35620	477.87
35630	477.86
35640	478.01
35650	478.11
35660	478.12
35670	478.13
35680	478.37
35690	478.4
35700	478.49
35710	478.52
35720	478.7
35730	478.75
35740	478.82
35750	478.98
35760	479.1
35770	479.12
35780	479.19
35790	479.17
35800	479.17
35810	479.31
35820	479.41
35830	479.38
35840	479.45
35850	479.6
35860	479.65
35870	479.7
35880	479.8
35890	479.9
35900	479.91
35910	480.02
35920	480.08
35930	480.1
35940	480.2
35950	480.34
35960	480.39
35970	480.41
35980	480.45
35990	480.51
36000	480.54
36010	480.61
36020	480.64
36030	480.73
36040	480.89
36050	480.88
36060	480.98
36070	481.11
36080	481.1
36090	481.15
36100	481.23
36110	481.33
36120	481.39
36130	481.47
36140	481.47
36150	481.42
36160	481.43
36170	481.46
36180	481.54
36190	481.59
36200	481.74
36210	481.69
36220	481.84
36230	481.93
36240	481.97
36250	482.01
36260	482.26
36270	482.38
36280	482.49
36290	482.6
36300	482.72
36310	482.87
36320	482.99
36330	482.97
36340	483.05
36350	483.14
36360	483.2
36370	483.34
36380	483.33
36390	483.34
36400	483.37
36410	483.31
36420	483.4
36430	483.31
36440	483.26
36450	483.39
36460	483.53
36470	483.65
36480	483.81
36490	483.87
36500	483.91
36510	483.95
36520	484.11
36530	484.25
36540	484.31
36550	484.37
36560	484.58
36570	484.6
36580	484.59
36590	484.57
36600	484.48
36610	484.62
36620	484.68
36630	484.79
36640	484.86
36650	484.92
36660	485.05
36670	485.31
36680	485.28
36690	485.36
36700	485.34
36710	485.29
36720	485.48
36730	485.47
36740	485.49
36750	485.63
36760	485.76
36770	485.76
36780	485.85
36790	485.9
36800	485.91
36810	486.0
36820	486.02
36830	486.06
36840	486.1
36850	486.24
36860	486.24
36870	486.14
36880	486.35
36890	486.47
36900	486.44
36910	486.47
36920	486.57
36930	486.7
36940	486.78
36950	486.83
36960	486.87
36970	486.95
36980	487.07
36990	487.12
37000	487.2
37010	487.33
37020	487.35
37030	487.48
37040	487.41
37050	487.6
37060	487.64
37070	487.74
37080	487.84
37090	487.93
37100	487.99
37110	487.98
37120	488.02
37130	488.11
37140	488.2
37150	488.31
37160	488.31
37170	488.39
37180	488.51
37190	488.58
37200	488.62
37210	488.67
37220	488.59
37230	488.75
37240	488.82
37250	488.88
37260	489.01
37270	489.2
37280	489.26
37290	489.4
37300	489.51
37310	489.58
37320	489.6
37330	489.62
37340	489.56
37350	489.61
37360	489.6
37370	489.75
37380	489.8
37390	489.93
37400	489.99
37410	490.04
37420	490.17
37430	490.23
37440	490.29
37450	490.3
37460	490.43
37470	490.56
37480	490.67
37490	490.65
37500	490.69
37510	490.74
37520	490.87
37530	490.93
37540	491.12
37550	491.17
37560	491.3
37570	491.33
37580	491.35
37590	491.49
37600	491.55
37610	491.57
37620	491.81
37630	491.94
37640	491.97
37650	492.04
37660	492.03
37670	492.14
37680	492.33
37690	492.35
37700	492.42
37710	492.47
37720	492.5
37730	492.57
37740	492.62
37750	492.62
37760	492.73
37770	492.84
37780	492.85
37790	492.89
37800	493.04
37810	493.18
37820	493.22
37830	493.27
37840	493.24
37850	493.25
37860	493.45
37870	493.67
37880	493.75
37890	493.85
37900	493.97
37910	494.0
37920	494.11
37930	494.29
37940	494.35
37950	494.37
37960	494.37
37970	494.42
37980	494.55
37990	494.61
38000	494.74
38010	494.8
38020	494.79
38030	494.81
38040	494.94
38050	495.06
38060	495.13
38070	495.14
38080	495.32
38090	495.38
38100	495.45
38110	495.42
38120	495.44
38130	495.47
38140	495.51
38150	495.53
38160	495.55
38170	495.64
38180	495.58
38190	495.68
38200	495.74
38210	495.9
38220	495.91
38230	496.05
38240	496.15
38250	496.23
38260	496.21
38270	496.27
38280	496.35
38290	496.47
38300	496.53
38310	496.62
38320	496.63
38330	496.71
38340	496.73
38350	496.77
38360	496.84
38370	496.79
38380	496.91
38390	497.0
38400	496.96
38410	497.06
38420	497.23
38430	497.29
38440	497.34
38450	497.5
38460	497.5
38470	497.55
38480	497.56
38490	497.63
38500	497.71
38510	497.76
38520	497.77
38530	497.91
38540	497.87
38550	497.81
38560	497.86
38570	497.9
38580	497.9
38590	497.98
38600	498.06
38610	498.23
38620	498.4
38630	498.53
38640	498.62
38650	498.62
38660	498.7
38670	498.82
38680	498.87
38690	498.95
38700	499.01
38710	499.02
38720	499.03
38730	498.98
38740	499.09
38750	499.12
38760	499.32
38770	499.33
38780	499.47
38790	499.54
38800	499.62
38810	499.64
38820	499.76
38830	499.85
38840	499.92
38850	499.92
38860	500.0
38870	500.05
38880	500.21
38890	500.33
38900	500.42
38910	500.43
38920	500.41
38930	500.42
38940	500.58
38950	500.7
38960	500.77
38970	500.93
38980	500.98
38990	501.0
39000	501.05
39010	501.14
39020	501.17
39030	501.22
39040	501.33
39050	501.38
39060	501.45
39070	501.61
39080	501.74
39090	501.85
39100	501.89
39110	502.0
39120	502.04
39130	501.99
39140	502.13
39150	502.16
39160	502.27
39170	502.33
39180	502.42
39190	502.57
39200	502.63
39210	502.76
39220	502.86
39230	502.96
39240	503.05
39250	503.17
39260	503.21
39270	503.22
39280	503.29
39290	503.32
39300	503.34
39310	503.35
39320	503.48
39330	503.5
39340	503.54
39350	503.57
39360	503.72
39370	503.76
39380	503.75
39390	503.87
39400	503.93
39410	504.01
39420	504.0
39430	504.15
39440	504.15
39450	504.3
39460	504.38
39470	504.46
39480	504.49
39490	504.62
39500	504.78
39510	504.82
39520	504.87
39530	504.92
39540	505.03
39550	505.09
39560	505.24
39570	505.38
39580	505.43
39590	505.51
39600	505.52
39610	505.52
39620	505.7
39630	505.81
39640	505.8
39650	505.8
39660	505.77
39670	505.87
39680	505.9
39690	506.18
39700	506.22
39710	506.22
39720	506.31
39730	506.42
39740	506.45
39750	506.51
39760	506.54
39770	506.59
39780	506.74
39790	506.84
39800	506.97
39810	506.97
39820	507.13
39830	507.11
39840	507.12
39850	507.2
39860	507.23
39870	507.29
39880	507.34
39890	507.48
39900	507.51
39910	507.67
39920	507.75
39930	507.76
39940	507.91
39950	507.97
39960	508.05
39970	508.04
39980	508.1
39990	508.29
40000	508.44
40010	508.5
40020	508.54
40030	508.67
40040	508.68
40050	508.8
40060	508.9
40070	508.96
40080	509.05
40090	509.11
40100	509.24
40110	509.4
40120	509.5
40130	509.6
40140	509.7
40150	509.83
40160	509.9
40170	510.02
40180	510.21
40190	510.2
40200	510.25
40210	510.26
40220	510.35
40230	510.36
40240	510.42
40250	510.54
40260	510.49
40270	510.56
40280	510.67
40290	510.67
40300	510.81
40310	510.84
40320	510.91
40330	510.88
40340	510.92
40350	511.01
40360	511.06
40370	511.09
40380	511.17
40390	511.2
40400	511.19
40410	511.25
40420	511.34
40430	511.4
40440	511.43
40450	511.4
40460	511.46
40470	511.45
40480	511.58
40490	511.68
40500	511.85
40510	511.72
40520	511.82
40530	511.78
40540	511.9
40550	511.96
40560	512.03
40570	512.14
40580	512.29
40590	512.44
40600	512.45
40610	512.41
40620	512.5
40630	512.65
40640	512.64
40650	512.68
40660	512.7
40670	512.75
40680	512.93
40690	513.08
40700	513.2
40710	513.22
40720	513.31
40730	513.47
40740	513.57
40750	513.77
40760	513.85
40770	513.93
40780	514.02
40790	514.17
40800	514.39
40810	514.38
40820	514.58
40830	514.71
40840	514.81
40850	514.9
40860	514.86
40870	514.94
40880	514.94
40890	515.04
40900	515.1
40910	515.2
40920	515.27
40930	515.27
40940	515.45
40950	515.6
40960	515.65
40970	515.77
40980	515.93
40990	515.94
41000	516.02
41010	516.09
41020	516.24
41030	516.34
41040	516.42
41050	516.42
41060	516.57
41070	516.66
41080	516.77
41090	516.75
41100	516.9
41110	516.97
41120	517.19
41130	517.21
41140	517.19
41150	517.36
41160	517.43
41170	517.55
41180	517.58
41190	517.6
41200	517.67
41210	517.84
41220	517.83
41230	517.91
41240	518.09
41250	518.25
41260	518.3
41270	518.43
41280	518.6
41290	518.63
41300	518.69
41310	518.82
41320	518.96
41330	519.07
41340	519.14
41350	519.3
41360	519.34
41370	519.39
41380	519.46
41390	519.42
41400	519.38
41410	519.32
41420	519.46
41430	519.54
41440	519.57
41450	519.66
41460	519.77
41470	519.79
41480	519.81
41490	519.93
41500	520.04
41510	520.14
41520	520.12
41530	520.2
41540	520.19
41550	520.38
41560	520.44
41570	520.52
41580	520.65
41590	520.8
41600	520.86
41610	521.0
41620	521.09
41630	521.1
41640	521.2
41650	521.3
41660	521.36
41670	521.41
41680	521.45
41690	521.4
41700	521.5
41710	521.49
41720	521.54
41730	521.63
41740	521.64
41750	521.67
41760	521.77
41770	521.87
41780	522.02
41790	522.1
41800	522.17
41810	522.26
41820	522.35
41830	522.43
41840	522.44
41850	522.46
41860	522.64
41870	522.61
41880	522.67
41890	522.71
41900	522.7
41910	522.67
41920	522.72
41930	522.73
41940	522.87
41950	522.96
41960	523.07
41970	523.13
41980	523.11
41990	523.23
42000	523.22
42010	523.25
42020	523.36
42030	523.51
42040	523.64
42050	523.64
42060	523.68
42070	523.8
42080	523.83
42090	523.87
42100	523.94
42110	523.96
42120	524.1
42130	524.14
42140	524.21
42150	524.25
42160	524.36
42170	524.48
42180	524.55
42190	524.61
42200	524.58
42210	524.66
42220	524.66
42230	524.82
42240	524.94
42250	525.09
42260	525.2
42270	525.19
42280	525.23
42290	525.29
42300	525.34
42310	525.41
42320	525.46
42330	525.46
42340	525.48
42350	525.51
42360	525.49
42370	525.62
42380	525.7
42390	525.65
42400	525.72
42410	525.89
42420	526.02
42430	526.19
42440	526.21
42450	526.38
42460	526.38
42470	526.43
42480	526.46
42490	526.53
42500	526.66
42510	526.64
42520	526.73
42530	526.82
42540	526.88
42550	526.97
42560	527.02
42570	527.21
42580	527.2
42590	527.26
42600	527.27
42610	527.36
42620	527.5
42630	527.56
42640	527.65
42650	527.79
42660	527.78
42670	527.98
42680	528.07
42690	528.09
42700	528.15
42710	528.14
42720	528.18
42730	528.22
42740	528.28
42750	528.34
42760	528.44
42770	528.47
42780	528.5
42790	528.56
42800	528.67
42810	528.88
42820	528.86
42830	528.99
42840	529.11
42850	529.05
42860	529.28
42870	529.39
42880	529.54
42890	529.59
42900	529.71
42910	529.74
42920	529.81
42930	529.7
42940	529.74
42950	529.87
42960	530.02
42970	530.16
42980	530.36
42990	530.5
43000	530.63
43010	530.7
43020	530.75
43030	530.9
43040	530.95
43050	530.91
43060	531.04
43070	531.13
43080	531.11
43090	531.17
43100	531.22
43110	531.3
43120	531.36
43130	531.34
43140	531.39
43150	531.37
43160	531.48
43170	531.52
43180	531.75
43190	531.82
43200	531.79
43210	531.92
43220	532.05
43230	532.07
43240	532.17
43250	532.12
43260	532.17
43270	532.28
43280	532.33
43290	532.42
43300	532.61
43310	532.79
43320	532.66
43330	532.76
43340	532.75
43350	532.83
43360	532.84
43370	532.85
43380	532.98
43390	533.15
43400	533.26
43410	533.38
43420	533.55
43430	533.62
43440	533.69
43450	533.78
43460	533.86
43470	534.1
43480	534.13
43490	534.22
43500	534.21
43510	534.21
43520	534.24
43530	534.36
43540	534.44
43550	534.47
43560	534.46
43570	534.53
43580	534.57
43590	534.69
43600	534.9
43610	534.99
43620	535.11
43630	535.14
43640	535.2
43650	535.26
43660	535.45
43670	535.47
43680	535.59
43690	535.63
43700	535.69
43710	535.78
43720	535.85
43730	535.9
43740	535.98
43750	535.95
43760	535.92
43770	535.99
43780	536.11
43790	536.16
43800	536.27
43810	536.33
43820	536.43
43830	536.49
43840	536.52
43850	536.55
43860	536.56
43870	536.68
43880	536.69
43890	536.75
43900	536.81
43910	536.84
43920	536.88
43930	536.81
43940	536.94
43950	537.05
43960	537.18
43970	537.3
43980	537.47
43990	537.6
44000	537.71
44010	537.76
44020	537.91
44030	537.98
44040	538.11
44050	538.08
44060	538.15
44070	538.24
44080	538.35
44090	538.46
44100	538.58
44110	538.68
44120	538.76
44130	538.76
44140	538.78
44150	538.75
44160	538.8
44170	538.86
44180	538.85
44190	539.01
44200	539.08
44210	539.2
44220	539.23
44230	539.37
44240	539.42
44250	539.48
44260	539.55
44270	539.67
44280	539.72
44290	539.71
44300	539.84
44310	539.91
44320	540.02
44330	540.14
44340	540.17
44350	540.24
44360	540.29
44370	540.33
44380	540.39
44390	540.46
44400	540.59
44410	540.71
44420	540.75
44430	540.74
44440	540.82
44450	540.89
44460	540.89
44470	540.98
44480	541.01
44490	540.93
44500	541.0
44510	541.04
44520	541.05
44530	541.19
44540	541.21
44550	541.34
44560	541.37
44570	541.38
44580	541.4
44590	541.46
44600	541.56
44610	541.54
44620	541.67
44630	541.71
44640	541.78
44650	541.81
44660	541.76
44670	541.85
44680	541.93
44690	541.95
44700	541.99
44710	542.04
44720	541.99
44730	542.02
44740	542.04
44750	542.07
44760	542.1
44770	542.19
44780	542.32
44790	542.49
44800	542.58
44810	542.63
44820	542.72
44830	542.77
44840	542.79
44850	542.84
44860	542.8
44870	542.84
44880	542.99
44890	543.0
44900	542.97
44910	543.06
44920	543.0
44930	543.12
44940	543.13
44950	543.19
44960	543.24
44970	543.33
44980	543.36
44990	543.44
45000	543.51
45010	543.53
45020	543.72
45030	543.74
45040	543.79
45050	543.79
45060	543.98
45070	544.05
45080	544.08
45090	544.24
45100	544.3
45110	544.39
45120	544.5
45130	544.62
45140	544.67
45150	544.77
45160	544.86
45170	544.9
45180	544.99
45190	544.98
45200	545.12
45210	545.12
45220	545.2
45230	545.3
45240	545.5
45250	545.58
45260	545.61
45270	545.78
45280	545.84
45290	545.93
45300	545.94
45310	546.07
45320	546.07
45330	546.12
45340	546.21
45350	546.26
45360	546.34
45370	546.38
45380	546.48
45390	546.59
45400	546.58
45410	546.67
45420	546.72
45430	546.72
45440	546.73
45450	546.81
45460	546.8
45470	546.92
45480	547.04
45490	547.13
45500	547.21
45510	547.24
45520	547.39
45530	547.57
45540	547.61
45550	547.81
45560	547.94
45570	547.96
45580	547.96
45590	547.96
45600	548.1
45610	548.13
45620	548.21
45630	548.27
45640	548.25
45650	548.27
45660	548.36
45670	548.43
45680	548.46
45690	548.52
45700	548.55
45710	548.59
45720	548.67
45730	548.73
45740	548.81
45750	548.82
45760	548.87
45770	548.82
45780	548.91
45790	549.0
45800	549.11
45810	549.18
45820	549.24
45830	549.36
45840	549.45
45850	549.54
45860	549.56
45870	549.57
45880	549.64
45890	549.66
45900	549.75
45910	549.86
45920	549.99
45930	549.95
45940	550.09
45950	550.16
45960	550.22
45970	550.32
45980	550.31
45990	550.32
46000	550.33
46010	550.28
46020	550.37
46030	550.42
46040	550.5
46050	550.63
46060	550.63
46070	550.8
46080	550.9
46090	551.1
46100	551.04
46110	551.05
46120	551.15
46130	551.18
46140	551.26
46150	551.31
46160	551.38
46170	551.48
46180	551.64
46190	551.64
46200	551.67
46210	551.79
46220	551.81
46230	551.81
46240	551.86
46250	551.99
46260	552.07
46270	552.1
46280	552.12
46290	552.15
46300	552.21
46310	552.2
46320	552.39
46330	552.43
46340	552.38
46350	552.39
46360	552.36
46370	552.42
46380	552.43
46390	552.48
46400	552.53
46410	552.58
46420	552.73
46430	552.79
46440	552.83
46450	552.88
46460	552.94
46470	553.12
46480	553.06
46490	553.09
46500	553.12
46510	553.17
46520	553.27
46530	553.29
46540	553.26
46550	553.27
46560	553.22
46570	553.27
46580	553.34
46590	553.36
46600	553.36
46610	553.45
46620	553.46
46630	553.65
46640	553.69
46650	553.79
46660	553.99
46670	553.96
46680	554.05
46690	554.05
46700	554.03
46710	554.04
46720	554.05
46730	554.2
46740	554.21
46750	554.28
46760	554.31
46770	554.37
46780	554.56
46790	554.58
46800	554.67
46810	554.73
46820	554.81
46830	554.98
46840	555.03
46850	555.12
46860	555.29
46870	555.39
46880	555.45
46890	555.62
46900	555.72
46910	555.71
46920	555.79
46930	555.8
46940	555.88
46950	555.96
46960	556.1
46970	556.18
46980	556.25
46990	556.32
47000	556.42
47010	556.51
47020	556.58
47030	556.58
47040	556.74
47050	556.8
47060	556.88
47070	556.99
47080	557.14
47090	557.23
47100	557.3
47110	557.44
47120	557.52
47130	557.65
47140	557.72
47150	557.79
47160	557.78
47170	557.86
47180	557.97
47190	557.94
47200	558.01
47210	558.05
47220	558.1
47230	558.09
47240	558.07
47250	558.12
47260	558.15
47270	558.15
47280	558.2
47290	558.35
47300	558.49
47310	558.58
47320	558.67
47330	558.62
47340	558.7
47350	558.73
47360	558.81
47370	558.9
47380	558.95
47390	559.04
47400	559.11
47410	559.16
47420	559.24
47430	559.29
47440	559.36
47450	559.35
47460	559.42
47470	559.55
47480	559.61
47490	559.63
47500	559.73
47510	559.77
47520	559.88
47530	559.95
47540	559.96
47550	559.96
47560	560.01
47570	560.09
47580	560.16
47590	560.23
47600	560.27
47610	560.4
47620	560.48
47630	560.66
47640	560.75
47650	560.79
47660	560.81
47670	560.76
47680	560.76
47690	560.76
47700	560.84
47710	560.76
47720	560.75
47730	560.77
47740	560.79
47750	560.73
47760	560.79
47770	560.93
47780	561.07
47790	561.07
47800	561.11
47810	561.13
47820	561.18
47830	561.27
47840	561.33
47850	561.41
47860	561.54
47870	561.58
47880	561.67
47890	561.77
47900	561.97
47910	562.02
47920	562.05
47930	562.15
47940	562.23
47950	562.2
47960	562.31
47970	562.35
47980	562.44
47990	562.43
48000	562.49
48010	562.6
48020	562.63
48030	562.69
48040	562.66
48050	562.66
48060	562.76
48070	562.7
48080	562.61
48090	562.66
48100	562.68
48110	562.68
48120	562.84
48130	562.82
48140	562.95
48150	563.06
48160	563.19
48170	563.23
48180	563.29
48190	563.38
48200	563.44
48210	563.45
48220	563.47
48230	563.53
48240	563.6
48250	563.64
48260	563.69
48270	563.72
48280	563.73
48290	563.79
48300	563.8
48310	563.85
48320	563.89
48330	563.97
48340	563.96
48350	563.94
48360	564.0
48370	564.16
48380	564.16
48390	564.15
48400	564.22
48410	564.31
48420	564.45
48430	564.47
48440	564.57
48450	564.68
48460	564.78
48470	564.88
48480	565.03
48490	565.25
48500	565.41
48510	565.38
48520	565.38
48530	565.56
48540	565.6
48550	565.72
48560	565.8
48570	565.93
48580	566.01
48590	566.06
48600	566.09
48610	566.18
48620	566.19
48630	566.36
48640	566.39
48650	566.44
48660	566.47
48670	566.5
48680	566.56
48690	566.61
48700	566.69
48710	566.67
48720	566.78
48730	566.96
48740	566.97
48750	567.03
48760	567.07
48770	567.12
48780	567.21
48790	567.17
48800	567.22
48810	567.25
48820	567.29
48830	567.26
48840	567.23
48850	567.46
48860	567.6
48870	567.74
48880	567.81
48890	567.87
48900	567.95
48910	568.11
48920	568.07
48930	568.13
48940	568.27
48950	568.42
48960	568.42
48970	568.42
48980	568.48
48990	568.47
49000	568.56
49010	568.54
49020	568.7
49030	568.69
49040	568.84
49050	568.9
49060	569.0
49070	569.05
49080	569.19
49090	569.25
49100	569.32
49110	569.35
49120	569.4
49130	569.48
49140	569.66
49150	569.76
49160	569.76
49170	569.85
49180	569.81
49190	569.83
49200	569.97
49210	569.98
49220	569.98
49230	570.12
49240	570.16
49250	570.24
49260	570.22
49270	570.28
49280	570.39
49290	570.37
49300	570.38
49310	570.41
49320	570.44
49330	570.49
49340	570.61
49350	570.64
49360	570.7
49370	570.67
49380	570.78
49390	570.83
49400	570.88
49410	571.07
49420	571.12
49430	571.17
49440	571.22
49450	571.4
49460	571.49
49470	571.57
49480	571.61
49490	571.71
49500	571.8
49510	571.95
49520	571.96
49530	572.04
49540	572.13
49550	572.19
49560	572.15
49570	572.26
49580	572.3
49590	572.34
49600	572.25
49610	572.29
49620	572.43
49630	572.58
49640	572.7
49650	572.79
49660	572.78
49670	572.84
49680	572.9
49690	572.91
49700	572.98
49710	573.1
49720	573.14
49730	573.27
49740	573.29
49750	573.4
49760	573.39
49770	573.4
49780	573.5
49790	573.62
49800	573.71
49810	573.77
49820	573.85
49830	573.85
49840	573.85
49850	573.93
49860	573.89
49870	573.96
49880	573.92
49890	573.97
49900	574.1
49910	574.14
49920	574.18
49930	574.24
49940	574.31
49950	574.33
49960	574.32
49970	574.33
49980	574.35
49990	574.38
50000	574.37
50010	574.45
50020	574.45
50030	574.41
50040	574.48
50050	574.51
50060	574.58
50070	574.55
50080	574.72
50090	574.85
50100	575.0
50110	575.04
50120	575.13
50130	575.17
50140	575.3
50150	575.34
50160	575.42
50170	575.46
50180	575.53
50190	575.66
50200	575.68
50210	575.74
50220	575.83
50230	575.87
50240	575.84
50250	575.84
50260	575.88
50270	575.96
50280	576.08
50290	576.17
50300	576.28
50310	576.31
50320	576.38
50330	576.33
50340	576.5
50350	576.58
50360	576.71
50370	576.77
50380	576.8
50390	576.8
50400	576.84
50410	576.93
50420	577.04
50430	577.01
50440	577.1
50450	577.13
50460	577.13
50470	577.2
50480	577.29
50490	577.3
50500	577.33
50510	577.32
50520	577.49
50530	577.5
50540	577.7
50550	577.68
50560	577.84
50570	577.9
50580	578.06
50590	578.09
50600	578.13
50610	578.2
50620	578.32
50630	578.47
50640	578.52
50650	578.69
50660	578.67
50670	578.7
50680	578.81
50690	578.82
50700	578.94
50710	578.91
50720	579.06
50730	579.15
50740	579.03
50750	579.01
50760	578.97
50770	578.98
50780	579.15
50790	579.14
50800	579.23
50810	579.39
50820	579.55
50830	579.57
50840	579.52
50850	579.6
50860	579.57
50870	579.67
50880	579.8
50890	579.82
50900	579.94
50910	579.96
50920	579.99
50930	580.1
50940	580.27
50950	580.48
50960	580.52
50970	580.48
50980	580.67
50990	580.71
51000	580.67
51010	580.82
51020	580.88
51030	581.02
51040	581.08
51050	581.13
51060	581.3
51070	581.35
51080	581.32
51090	581.35
51100	581.33
51110	581.43
51120	581.57
51130	581.61
51140	581.72
51150	581.72
51160	581.76
51170	581.82
51180	582.0
51190	582.12
51200	582.15
51210	582.14
51220	582.28
51230	582.3
51240	582.45
51250	582.44
51260	582.49
51270	582.49
51280	582.67
51290	582.78
51300	582.79
51310	582.95
51320	583.04
51330	583.12
51340	583.21
51350	583.14
51360	583.18
51370	583.25
51380	583.34
51390	583.43
51400	583.49
51410	583.56
51420	583.63
51430	583.67
51440	583.74
51450	583.87
51460	583.92
51470	583.99
51480	584.11
51490	584.16
51500	584.21
51510	584.16
51520	584.19
51530	584.29
51540	584.33
51550	584.26
51560	584.3
51570	584.29
51580	584.29
51590	584.33
51600	584.39
51610	584.43
51620	584.49
51630	584.52
51640	584.57
51650	584.59
51660	584.65
51670	584.67
51680	584.8
51690	584.82
51700	584.82
51710	584.85
51720	584.9
51730	584.9
51740	584.99
51750	585.02
51760	585.1
51770	585.16
51780	585.25
51790	585.36
51800	585.38
51810	585.39
51820	585.46
51830	585.43
51840	585.55
51850	585.54
51860	585.56
51870	585.64
51880	585.6
51890	585.68
51900	585.73
51910	585.83
51920	585.8
51930	585.9
51940	585.99
51950	586.03
51960	586.08
51970	586.15
51980	586.19
51990	586.23
52000	586.31
52010	586.4
52020	586.51
52030	586.54
52040	586.54
52050	586.54
52060	586.61
52070	586.63
52080	586.73
52090	586.73
52100	586.79
52110	586.82
52120	586.87
52130	586.98
52140	587.03
52150	587.07
52160	587.17
52170	587.18
52180	587.18
52190	587.19
52200	587.21
52210	587.27
52220	587.31
52230	587.43
52240	587.53
52250	587.58
52260	587.55
52270	587.68
52280	587.68
52290	587.71
52300	587.77
52310	587.84
52320	587.89
52330	587.92
52340	588.05
52350	588.15
52360	588.2
52370	588.25
52380	588.26
52390	588.35
52400	588.4
52410	588.37
52420	588.41
52430	588.5
52440	588.56
52450	588.64
52460	588.67
52470	588.71
52480	588.83
52490	588.85
52500	588.89
52510	588.96
52520	588.98
52530	589.06
52540	589.05
52550	589.07
52560	589.14
52570	589.2
52580	589.23
52590	589.25
52600	589.42
52610	589.43
52620	589.47
52630	589.46
52640	589.54
52650	589.73
52660	589.74
52670	589.85
52680	589.87
52690	589.92
52700	589.93
52710	590.06
52720	590.2
52730	590.24
52740	590.22
52750	590.22
52760	590.2
52770	590.32
52780	590.38
52790	590.47
52800	590.6
52810	590.72
52820	590.9
52830	590.94
52840	591.07
52850	591.08
52860	591.06
52870	591.12
52880	591.19
52890	591.16
52900	591.16
52910	591.12
52920	591.12
52930	591.11
52940	591.17
52950	591.28
52960	591.35
52970	591.35
52980	591.35
52990	591.32
53000	591.41
53010	591.51
53020	591.58
53030	591.66
53040	591.8
53050	591.83
53060	591.88
53070	591.97
53080	591.94
53090	592.06
53100	592.14
53110	592.14
53120	592.33
53130	592.39
53140	592.54
53150	592.53
53160	592.59
53170	592.73
53180	592.78
53190	592.93
53200	592.94
53210	592.96
53220	593.08
53230	593.09
53240	593.07
53250	593.15
53260	593.14
53270	593.14
53280	593.23
53290	593.27
53300	593.33
53310	593.46
53320	593.51
53330	593.56
53340	593.59
53350	593.69
53360	593.72
53370	593.82
53380	593.91
53390	593.89
53400	593.94
53410	594.06
53420	594.1
53430	594.18
53440	594.25
53450	594.26
53460	594.36
53470	594.5
53480	594.55
53490	594.61
53500	594.74
53510	594.73
53520	594.77
53530	594.75
53540	594.76
53550	594.89
53560	594.91
53570	594.96
53580	595.03
53590	595.05
53600	595.1
53610	595.25
53620	595.29
53630	595.36
53640	595.37
53650	595.54
53660	595.62
53670	595.66
53680	595.77
53690	595.73
53700	595.75
53710	595.89
53720	596.03
53730	596.1
53740	596.12
53750	596.23
53760	596.3
53770	596.42
53780	596.42
53790	596.44
53800	596.5
53810	596.56
53820	596.61
53830	596.74
53840	596.76
53850	596.82
53860	596.88
53870	596.93
53880	597.01
53890	596.99
53900	597.03
53910	597.1
53920	597.23
53930	597.2
53940	597.19
53950	597.34
53960	597.41
53970	597.46
53980	597.46
53990	597.47
54000	597.58
54010	597.64
54020	597.67
54030	597.68
54040	597.73
54050	597.9
54060	597.95
54070	597.98
54080	598.1
54090	598.19
54100	598.26
54110	598.32
54120	598.48
54130	598.5
54140	598.54
54150	598.52
54160	598.62
54170	598.71
54180	598.85
54190	598.86
54200	598.87
54210	598.9
54220	599.04
54230	599.05
54240	599.13
54250	599.21
54260	599.27
54270	599.35
54280	599.41
54290	599.32
54300	599.33
54310	599.39
54320	599.38
54330	599.49
54340	599.49
54350	599.42
54360	599.39
54370	599.43
54380	599.52
54390	599.47
54400	599.5
54410	599.6
54420	599.66
54430	599.64
54440	599.84
54450	599.76
54460	599.83
54470	599.96
54480	600.08
54490	600.09
54500	600.13
54510	600.16
54520	600.23
54530	600.32
54540	600.37
54550	600.5
54560	600.51
54570	600.54
54580	600.67
54590	600.67
54600	600.74
54610	600.75
54620	600.78
54630	600.9
54640	600.9
54650	600.98
54660	601.02
54670	601.08
54680	601.13
54690	601.24
54700	601.29
54710	601.37
54720	601.4
54730	601.59
54740	601.69
54750	601.73
54760	601.84
54770	601.87
54780	601.96
54790	602.01
54800	602.06
54810	602.21
54820	602.26
54830	602.29
54840	602.3
54850	602.33
54860	602.38
54870	602.37
54880	602.37
54890	602.45
54900	602.52
54910	602.51
54920	602.53
54930	602.6
54940	602.64
54950	602.74
54960	602.74
54970	602.85
54980	602.86
54990	602.94
55000	603.0
55010	603.07
55020	603.08
55030	603.11
55040	603.09
55050	603.27
55060	603.36
55070	603.37
55080	603.43
55090	603.53
55100	603.63
55110	603.69
55120	603.76
55130	603.8
55140	603.92
55150	603.95
55160	603.94
55170	603.93
55180	604.0
55190	604.05
55200	604.15
55210	604.16
55220	604.15
55230	604.14
55240	604.27
55250	604.38
55260	604.45
55270	604.58
55280	604.62
55290	604.58
55300	604.62
55310	604.7
55320	604.74
55330	604.82
55340	604.8
55350	604.83
55360	604.83
55370	604.84
55380	604.89
55390	604.96
55400	605.06
55410	605.1
55420	605.15
55430	605.28
55440	605.29
55450	605.4
55460	605.45
55470	605.48
55480	605.53
55490	605.52
55500	605.64
55510	605.62
55520	605.74
55530	605.82
55540	605.85
55550	605.9
55560	605.93
55570	605.99
55580	606.0
55590	605.99
55600	606.11
55610	606.15
55620	606.22
55630	606.27
55640	606.29
55650	606.43
55660	606.44
55670	606.53
55680	606.61
55690	606.69
55700	606.78
55710	606.82
55720	606.76
55730	606.87
55740	606.89
55750	606.98
55760	606.99
55770	607.11
55780	607.21
55790	607.17
55800	607.2
55810	607.25
55820	607.33
55830	607.39
55840	607.53
55850	607.64
55860	607.69
55870	607.74
55880	607.79
55890	607.81
55900	607.85
55910	607.84
55920	607.84
55930	608.02
55940	608.07
55950	608.11
55960	608.17
55970	608.16
55980	608.23
55990	608.29
56000	608.32
56010	608.26
56020	608.32
56030	608.41
56040	608.47
56050	608.48
56060	608.54
56070	608.58
56080	608.66
56090	608.58
56100	608.67
56110	608.75
56120	608.8
56130	608.89
56140	608.96
56150	609.03
56160	609.1
56170	609.13
56180	609.16
56190	609.19
56200	609.14
56210	609.18
56220	609.37
56230	609.39
56240	609.56
56250	609.51
56260	609.51
56270	609.53
56280	609.56
56290	609.6
56300	609.66
56310	609.66
56320	609.82
56330	609.83
56340	609.92
56350	610.03
56360	610.04
56370	610.04
56380	610.1
56390	610.22
56400	610.21
56410	610.26
56420	610.32
56430	610.37
56440	610.41
56450	610.56
56460	610.7
56470	610.67
56480	610.7
56490	610.75
56500	610.81
56510	610.84
56520	610.9
56530	610.93
56540	610.93
56550	610.89
56560	610.97
56570	611.02
56580	611.06
56590	611.09
56600	611.11
56610	611.15
56620	611.22
56630	611.26
56640	611.36
56650	611.44
56660	611.59
56670	611.64
56680	611.7
56690	611.75
56700	611.86
56710	611.91
56720	611.96
56730	612.03
56740	612.1
56750	612.23
56760	612.31
56770	612.44
56780	612.41
56790	612.53
56800	612.63
56810	612.71
56820	612.68
56830	612.78
56840	612.78
56850	612.77
56860	612.8
56870	612.86
56880	612.95
56890	613.05
56900	613.21
56910	613.24
56920	613.22
56930	613.29
56940	613.28
56950	613.33
56960	613.42
56970	613.42
56980	613.49
56990	613.54
57000	613.58
57010	613.6
57020	613.67
57030	613.71
57040	613.84
57050	613.91
57060	614.09
57070	613.98
57080	614.01
57090	614.07
57100	614.07
57110	614.12
57120	614.21
57130	614.29
57140	614.34
57150	614.36
57160	614.42
57170	614.52
57180	614.54
57190	614.6
57200	614.68
57210	614.71
57220	614.8
57230	614.93
57240	614.93
57250	614.96
57260	614.95
57270	615.09
57280	615.05
57290	615.19
57300	615.16
57310	615.17
57320	615.29
57330	615.32
57340	615.4
57350	615.37
57360	615.43
57370	615.58
57380	615.58
57390	615.7
57400	615.77
57410	615.82
57420	615.87
57430	615.92
57440	615.94
57450	615.94
57460	616.04
57470	615.99
57480	616.0
57490	616.07
57500	616.07
57510	616.17
57520	616.15
57530	616.2
57540	616.23
57550	616.32
57560	616.4
57570	616.46
57580	616.6
57590	616.66
57600	616.71
57610	616.79
57620	616.88
57630	616.98
57640	617.07
57650	617.13
57660	617.19
57670	617.22
57680	617.23
57690	617.3
57700	617.4
57710	617.44
57720	617.55
57730	617.72
57740	617.67
57750	617.78
57760	617.77
57770	617.82
57780	617.83
57790	617.84
57800	617.86
57810	617.91
57820	617.96
57830	617.97
57840	618.05
57850	618.14
57860	618.15
57870	618.23
57880	618.22
57890	618.29
57900	618.36
57910	618.44
57920	618.55
57930	618.65
57940	618.7
57950	618.76
57960	618.73
57970	618.77
57980	618.89
57990	618.93
58000	618.94
58010	618.9
58020	618.96
58030	619.04
58040	618.94
58050	618.94
58060	619.07
58070	619.09
58080	619.09
58090	619.12
58100	619.3
58110	619.34
58120	619.49
58130	619.51
58140	619.59
58150	619.7
58160	619.74
58170	619.79
58180	619.81
58190	619.8
58200	619.86
58210	619.94
58220	620.1
58230	620.25
58240	620.36
58250	620.34
58260	620.42
58270	620.47
58280	620.57
58290	620.59
58300	620.63
58310	620.66
58320	620.78
58330	620.77
58340	620.79
58350	620.79
58360	620.76
58370	620.8
58380	620.78
58390	620.83
58400	620.93
58410	620.93
58420	620.97
58430	621.03
58440	621.12
58450	621.11
58460	621.21
58470	621.22
58480	621.31
58490	621.44
58500	621.41
58510	621.38
58520	621.46
58530	621.64
58540	621.72
58550	621.73
58560	621.73
58570	621.83
58580	621.74
58590	621.79
58600	621.91
58610	621.98
58620	622.01
58630	622.06
58640	622.15
58650	622.25
58660	622.31
58670	622.46
58680	622.5
58690	622.53
58700	622.7
58710	622.74
58720	622.75
58730	622.86
58740	622.86
58750	622.85
58760	622.93
58770	622.93
58780	623.09
58790	623.14
58800	623.25
58810	623.23
58820	623.39
58830	623.37
58840	623.43
58850	623.47
58860	623.59
58870	623.67
58880	623.69
58890	623.79
58900	623.78
58910	623.83
58920	623.88
58930	624.01
58940	623.99
58950	623.95
58960	624.0
58970	624.01
58980	624.2
58990	624.15
59000	624.22
59010	624.1
59020	624.21
59030	624.3
59040	624.43
59050	624.54
59060	624.62
59070	624.59
59080	624.62
59090	624.63
59100	624.58
59110	624.63
59120	624.73
59130	624.88
59140	624.99
59150	625.09
59160	625.15
59170	625.15
59180	625.19
59190	625.16
59200	625.18
59210	625.27
59220	625.3
59230	625.31
59240	625.28
59250	625.25
59260	625.36
59270	625.47
59280	625.56
59290	625.63
59300	625.6
59310	625.61
59320	625.74
59330	625.88
59340	625.99
59350	626.01
59360	626.01
59370	626.02
59380	626.09
59390	626.09
59400	626.19
59410	626.22
59420	626.27
59430	626.24
59440	626.25
59450	626.29
59460	626.44
59470	626.49
59480	626.41
59490	626.43
59500	626.5
59510	626.6
59520	626.65
59530	626.7
59540	626.75
59550	626.82
59560	626.82
59570	626.9
59580	626.97
59590	627.05
59600	627.1
59610	627.16
59620	627.26
59630	627.22
59640	627.27
59650	627.34
59660	627.44
59670	627.52
59680	627.51
59690	627.51
59700	627.6
59710	627.7
59720	627.82
59730	627.87
59740	627.89
59750	627.89
59760	627.9
59770	627.85
59780	627.84
59790	627.82
59800	627.92
59810	628.07
59820	628.12
59830	628.07
59840	628.22
59850	628.3
59860	628.41
59870	628.53
59880	628.58
59890	628.73
59900	628.77
59910	628.86
59920	628.95
59930	629.07
59940	629.17
59950	629.27
59960	629.37
59970	629.48
59980	629.57
59990	629.66
60000	629.8
