10	0.55
20	0.92
30	1.17
40	1.5
50	1.63
60	2.08
70	2.19
80	2.42
90	2.87
100	3.23
110	3.61
120	3.97
130	4.29
140	4.57
150	4.89
160	5.21
170	5.36
180	5.88
190	6.19
200	6.33
210	6.85
220	7.36
230	7.76
240	8.22
250	8.29
260	8.67
270	8.84
280	9.13
290	9.44
300	9.59
310	9.89
320	10.09
330	10.44
340	10.91
350	11.28
360	11.52
370	11.96
380	12.06
390	12.39
400	12.64
410	12.85
420	13.16
430	13.48
440	13.83
450	14.14
460	14.48
470	14.8
480	15.1
490	15.36
500	15.76
510	16.19
520	16.38
530	16.74
540	16.95
550	17.3
560	17.2
570	17.52
580	17.83
590	17.79
600	18.01
610	18.32
620	18.6
630	18.94
640	19.29
650	19.44
660	19.59
670	19.84
680	20.08
690	20.21
700	20.41
710	20.65
720	21.12
730	21.36
740	21.69
750	22.03
760	22.57
770	22.79
780	23.07
790	23.31
800	23.68
810	24.07
820	24.07
830	24.49
840	24.73
850	24.89
860	25.23
870	25.7
880	26.03
890	26.33
900	26.63
910	26.85
920	27.27
930	27.68
940	28.19
950	28.19
960	28.55
970	29.09
980	29.37
990	29.55
1000	29.83
1010	30.25
1020	30.52
1030	30.94
1040	31.19
1050	31.36
1060	31.61
1070	31.85
1080	32.23
1090	32.47
1100	32.87
1110	33.08
1120	33.32
1130	33.76
1140	34.01
1150	34.46
1160	34.8
1170	35.14
1180	35.49
1190	35.67
1200	35.95
1210	36.38
1220	36.69
1230	36.82
1240	37.09
1250	37.53
1260	37.58
1270	37.97
1280	38.24
1290	38.39
1300	38.52
1310	38.87
1320	39.32
1330	39.74
1340	39.88
1350	40.11
1360	40.15
1370	40.23
1380	40.73
1390	41.06
1400	41.39
1410	41.8
1420	42.18
1430	42.3
1440	42.56
1450	42.83
1460	42.93
1470	43.37
1480	43.57
1490	43.59
1500	43.9
1510	44.26
1520	44.28
1530	44.36
1540	44.77
1550	44.91
1560	45.21
1570	45.29
1580	45.66
1590	45.88
1600	46.34
1610	46.57
1620	46.92
1630	47.3
1640	47.69
1650	47.86
1660	48.27
1670	48.57
1680	48.59
1690	48.77
1700	49.19
1710	49.47
1720	49.78
1730	49.98
1740	50.4
1750	50.81
1760	51.18
1770	51.5
1780	51.67
1790	52.01
1800	52.24
1810	52.46
1820	52.72
1830	52.94
1840	53.33
1850	53.42
1860	53.76
1870	53.83
1880	54.29
1890	54.71
1900	54.99
1910	55.11
1920	55.32
1930	55.36
1940	55.64
1950	55.97
1960	56.32
1970	56.41
1980	56.83
1990	57.09
2000	57.39
2010	57.71
2020	58.13
2030	58.45
2040	58.72
2050	59.18
2060	59.37
2070	59.51
2080	59.71
2090	59.72
2100	59.87
2110	60.06
2120	60.36
2130	60.54
2140	60.93
2150	61.21
2160	61.48
2170	61.91
2180	62.41
2190	62.7
2200	62.9
2210	63.28
2220	63.65
2230	63.95
2240	64.08
2250	64.16
2260	64.34
2270	64.64
2280	64.77
2290	64.89
2300	65.12
2310	65.4
2320	65.4
2330	65.85
2340	66.31
2350	66.43
2360	66.55
2370	67.01
2380	67.2
2390	67.57
2400	67.95
2410	68.48
2420	68.86
2430	69.37
2440	69.85
2450	69.95
2460	70.31
2470	70.64
2480	70.93
2490	71.39
2500	71.85
2510	72.13
2520	72.41
2530	72.55
2540	72.95
2550	73.33
2560	73.45
2570	73.63
2580	73.77
2590	74.29
2600	74.39
2610	74.8
2620	75.09
2630	75.56
2640	75.94
2650	76.12
2660	76.37
2670	76.67
2680	76.76
2690	77.0
2700	77.05
2710	77.48
2720	77.85
2730	78.18
2740	78.63
2750	78.8
2760	79.19
2770	79.44
2780	79.59
2790	79.84
2800	80.12
2810	80.41
2820	80.86
2830	81.11
2840	81.29
2850	81.62
2860	81.81
2870	82.23
2880	82.41
2890	82.72
2900	83.06
2910	83.54
2920	83.99
2930	84.38
2940	84.5
2950	84.76
2960	85.11
2970	85.2
2980	85.31
2990	85.67
3000	85.91
3010	86.24
3020	86.5
3030	86.86
3040	87.44
3050	87.46
3060	87.67
3070	87.84
3080	88.03
3090	88.37
3100	88.86
3110	88.74
3120	89.05
3130	89.24
3140	89.69
3150	89.89
3160	90.23
3170	90.6
3180	90.89
3190	91.22
3200	91.58
3210	91.91
3220	92.44
3230	92.93
3240	93.3
3250	93.34
3260	93.54
3270	93.74
3280	94.12
3290	94.41
3300	94.68
3310	94.92
3320	95.04
3330	95.24
3340	95.49
3350	95.75
3360	96.18
3370	96.33
3380	96.47
3390	96.79
3400	97.06
3410	97.4
3420	97.83
3430	98.16
3440	98.24
3450	98.44
3460	98.74
3470	98.84
3480	99.11
3490	99.19
3500	99.46
3510	99.78
3520	100.01
3530	100.17
3540	100.42
3550	100.66
3560	101.07
3570	101.32
3580	101.62
3590	101.66
3600	101.89
3610	102.08
3620	102.37
3630	102.74
3640	103.05
3650	103.44
3660	103.66
3670	104.13
3680	104.45
3690	104.68
3700	105.15
3710	105.45
3720	105.85
3730	106.15
3740	106.59
3750	106.89
3760	107.24
3770	107.55
3780	107.89
3790	108.11
3800	108.55
3810	108.94
3820	109.05
3830	109.25
3840	109.53
3850	109.79
3860	109.95
3870	110.4
3880	110.65
3890	110.83
3900	110.95
3910	111.31
3920	111.5
3930	111.98
3940	112.35
3950	112.64
3960	112.98
3970	113.29
3980	113.44
3990	113.63
4000	113.99
4010	114.1
4020	114.38
4030	114.63
4040	115.21
4050	115.65
4060	115.84
4070	116.22
4080	116.72
4090	117.13
4100	117.53
4110	117.67
4120	118.03
4130	118.45
4140	118.65
4150	119.13
4160	119.33
4170	119.51
4180	119.63
4190	119.92
4200	120.09
4210	120.39
4220	120.84
4230	121.09
4240	121.41
4250	121.53
4260	121.77
4270	122.01
4280	122.46
4290	122.71
4300	122.89
4310	123.32
4320	123.49
4330	123.74
4340	123.71
4350	124.01
4360	124.22
4370	124.37
4380	124.92
4390	125.34
4400	125.57
4410	125.8
4420	126.19
4430	126.23
4440	126.44
4450	126.79
4460	126.82
4470	127.21
4480	127.65
4490	127.92
4500	128.29
4510	128.45
4520	128.64
4530	129.04
4540	129.19
4550	129.57
4560	129.8
4570	130.12
4580	130.59
4590	131.12
4600	131.41
4610	131.58
4620	131.8
4630	132.0
4640	132.29
4650	132.88
4660	133.23
4670	133.54
4680	133.89
4690	134.1
4700	134.6
4710	134.79
4720	134.82
4730	135.27
4740	135.54
4750	135.7
4760	136.05
4770	136.39
4780	136.57
4790	136.85
4800	136.91
4810	137.23
4820	137.34
4830	137.49
4840	137.83
4850	138.2
4860	138.63
4870	138.85
4880	138.96
4890	139.14
4900	139.5
4910	139.83
4920	139.94
4930	140.2
4940	140.52
4950	140.96
4960	141.41
4970	141.54
4980	141.98
4990	142.3
5000	142.55
5010	142.75
5020	142.81
5030	143.18
5040	143.54
5050	143.85
5060	144.22
5070	144.41
5080	144.78
5090	144.88
5100	145.14
5110	145.54
5120	145.97
5130	146.47
5140	146.64
5150	146.77
5160	146.91
5170	147.27
5180	147.59
5190	147.68
5200	148.0
5210	147.98
5220	148.14
5230	148.51
5240	148.91
5250	149.28
5260	149.48
5270	149.74
5280	149.91
5290	150.22
5300	150.44
5310	150.58
5320	150.87
5330	151.25
5340	151.63
5350	151.88
5360	152.09
5370	152.34
5380	152.6
5390	152.83
5400	153.08
5410	153.32
5420	153.59
5430	153.88
5440	154.1
5450	154.02
5460	154.4
5470	154.6
5480	154.97
5490	155.36
5500	155.45
5510	155.69
5520	155.92
5530	156.15
5540	156.39
5550	156.81
5560	157.08
5570	157.36
5580	157.63
5590	157.8
5600	158.12
5610	158.39
5620	158.46
5630	158.9
5640	159.21
5650	159.49
5660	159.78
5670	160.0
5680	160.37
5690	160.53
5700	160.97
5710	161.12
5720	161.22
5730	161.44
5740	161.58
5750	161.82
5760	162.29
5770	162.66
5780	162.97
5790	163.38
5800	163.68
5810	164.06
5820	164.32
5830	164.5
5840	164.83
5850	165.05
5860	165.28
5870	165.56
5880	165.76
5890	166.01
5900	166.26
5910	166.43
5920	166.77
5930	167.12
5940	167.33
5950	167.57
5960	167.74
5970	168.02
5980	168.32
5990	168.57
6000	168.91
6010	169.13
6020	169.41
6030	169.83
6040	170.04
6050	170.29
6060	170.54
6070	170.87
6080	171.27
6090	171.65
6100	172.0
6110	172.04
6120	172.41
6130	172.67
6140	173.02
6150	173.17
6160	173.46
6170	173.71
6180	174.2
6190	174.51
6200	174.7
6210	175.09
6220	175.4
6230	175.5
6240	175.78
6250	176.14
6260	176.39
6270	176.65
6280	176.81
6290	177.25
6300	177.54
6310	177.69
6320	177.9
6330	177.8
6340	178.09
6350	178.47
6360	178.81
6370	179.0
6380	179.47
6390	179.71
6400	180.2
6410	180.43
6420	180.56
6430	180.75
6440	180.95
6450	181.25
6460	181.62
6470	181.95
6480	182.13
6490	182.49
6500	182.65
6510	182.98
6520	183.28
6530	183.5
6540	183.82
6550	184.14
6560	184.65
6570	184.67
6580	184.98
6590	185.34
6600	185.53
6610	185.89
6620	186.21
6630	186.37
6640	186.56
6650	186.91
6660	187.1
6670	187.6
6680	187.61
6690	187.98
6700	188.15
6710	188.33
6720	188.58
6730	188.8
6740	189.18
6750	189.39
6760	189.27
6770	189.53
6780	189.96
6790	190.34
6800	190.57
6810	191.06
6820	191.44
6830	191.84
6840	192.21
6850	192.41
6860	192.8
6870	192.91
6880	193.06
6890	193.4
6900	193.68
6910	194.01
6920	194.32
6930	194.69
6940	194.98
6950	195.23
6960	195.56
6970	195.97
6980	196.3
6990	196.55
7000	196.95
7010	197.46
7020	197.57
7030	197.76
7040	198.25
7050	198.55
7060	198.96
7070	199.28
7080	199.67
7090	200.17
7100	200.25
7110	200.41
7120	200.82
7130	201.01
7140	201.39
7150	201.74
7160	202.0
7170	202.26
7180	202.55
7190	202.78
7200	203.14
7210	203.58
7220	203.95
7230	203.93
7240	204.16
7250	204.43
7260	204.79
7270	205.21
7280	205.32
7290	205.56
7300	205.92
7310	206.24
7320	206.61
7330	206.77
7340	207.04
7350	207.36
7360	207.78
7370	208.08
7380	208.49
7390	208.75
7400	209.12
7410	209.47
7420	209.65
7430	210.06
7440	210.25
7450	210.61
7460	210.73
7470	211.12
7480	211.41
7490	211.69
7500	211.84
7510	212.15
7520	212.33
7530	212.47
7540	212.84
7550	213.17
7560	213.53
7570	213.72
7580	214.08
7590	214.35
7600	214.67
7610	214.99
7620	215.36
7630	215.47
7640	215.69
7650	216.04
7660	216.3
7670	216.51
7680	216.75
7690	216.87
7700	217.02
7710	217.42
7720	217.52
7730	217.64
7740	217.69
7750	218.02
7760	218.52
7770	218.8
7780	219.24
7790	219.47
7800	219.84
7810	220.1
7820	220.21
7830	220.68
7840	220.95
7850	221.33
7860	221.52
7870	221.76
7880	222.0
7890	222.19
7900	222.44
7910	222.64
7920	222.92
7930	223.4
7940	223.82
7950	224.14
7960	224.42
7970	224.61
7980	225.04
7990	225.06
8000	225.49
8010	225.69
8020	225.91
8030	226.24
8040	226.42
8050	226.99
8060	227.05
8070	227.41
8080	227.57
8090	227.78
8100	228.06
8110	228.25
8120	228.37
8130	228.68
8140	229.01
8150	229.29
8160	229.68
8170	229.97
8180	230.17
8190	230.34
8200	230.41
8210	230.45
8220	230.66
8230	230.81
8240	231.05
8250	231.4
8260	231.92
8270	232.32
8280	232.66
8290	233.12
8300	233.18
8310	233.63
8320	233.88
8330	234.12
8340	234.37
8350	234.85
8360	235.04
8370	235.16
8380	235.46
8390	235.86
8400	236.12
8410	236.12
8420	236.46
8430	236.74
8440	237.07
8450	237.49
8460	237.74
8470	238.09
8480	238.48
8490	238.68
8500	239.16
8510	239.32
8520	239.39
8530	239.72
8540	239.85
8550	240.33
8560	240.63
8570	240.87
8580	241.22
8590	241.53
8600	241.87
8610	242.03
8620	242.39
8630	242.76
8640	243.01
8650	243.33
8660	243.35
8670	243.69
8680	244.04
8690	244.06
8700	244.28
8710	244.48
8720	244.79
8730	244.8
8740	245.16
8750	245.57
8760	245.8
8770	246.13
8780	246.35
8790	246.39
8800	246.75
8810	247.05
8820	247.4
8830	247.63
8840	247.85
8850	248.13
8860	248.49
8870	248.78
8880	249.03
8890	249.15
8900	249.54
8910	250.09
8920	250.35
8930	250.73
8940	250.98
8950	251.45
8960	251.64
8970	252.12
8980	252.26
8990	252.61
9000	252.75
9010	252.82
9020	252.98
9030	253.43
9040	253.89
9050	254.24
9060	254.39
9070	254.6
9080	254.98
9090	255.41
9100	255.74
9110	255.9
9120	256.2
9130	256.62
9140	256.7
9150	257.0
9160	257.16
9170	257.55
9180	257.88
9190	258.23
9200	258.42
9210	258.71
9220	258.97
9230	259.08
9240	259.48
9250	259.88
9260	260.04
9270	260.48
9280	260.86
9290	261.21
9300	261.46
9310	261.76
9320	261.85
9330	262.12
9340	262.28
9350	262.64
9360	262.9
9370	262.91
9380	263.08
9390	263.34
9400	263.65
9410	263.9
9420	264.34
9430	264.68
9440	265.01
9450	265.03
9460	265.45
9470	265.73
9480	265.93
9490	266.32
9500	266.43
9510	266.82
9520	267.0
9530	267.39
9540	267.66
9550	268.05
9560	268.37
9570	268.74
9580	269.13
9590	269.49
9600	269.93
9610	270.24
9620	270.28
9630	270.42
9640	270.83
9650	271.16
9660	271.42
9670	271.56
9680	271.69
9690	271.95
9700	272.17
9710	272.45
9720	272.88
9730	273.29
9740	273.79
9750	273.94
9760	274.4
9770	275.08
9780	275.27
9790	275.52
9800	275.82
9810	276.29
9820	276.44
9830	276.79
9840	277.01
9850	277.52
9860	277.65
9870	277.78
9880	278.01
9890	278.16
9900	278.43
9910	278.91
9920	279.26
9930	279.46
9940	279.75
9950	280.12
9960	280.55
9970	280.98
9980	281.24
9990	281.56
10000	281.82
10010	282.23
10020	282.55
10030	282.84
10040	283.24
10050	283.54
10060	283.99
10070	284.16
10080	284.6
10090	284.81
10100	285.07
10110	285.56
10120	285.77
10130	286.11
10140	286.32
10150	286.53
10160	286.8
10170	286.98
10180	287.38
10190	287.5
10200	287.68
10210	287.97
10220	288.52
10230	288.7
10240	288.76
10250	288.94
10260	289.29
10270	289.45
10280	289.7
10290	290.13
10300	290.32
10310	290.87
10320	291.35
10330	291.68
10340	291.94
10350	292.0
10360	292.36
10370	292.53
10380	292.77
10390	292.97
10400	293.45
10410	293.68
10420	293.91
10430	294.16
10440	294.43
10450	294.75
10460	295.29
10470	295.22
10480	295.59
10490	295.86
10500	296.24
10510	296.44
10520	296.72
10530	296.79
10540	297.15
10550	297.29
10560	297.48
10570	297.53
10580	297.9
10590	298.22
10600	298.48
10610	298.67
10620	298.86
10630	299.34
10640	299.83
10650	300.08
10660	300.21
10670	300.55
10680	300.85
10690	301.28
10700	301.61
10710	301.95
10720	302.19
10730	302.55
10740	302.74
10750	302.94
10760	303.17
10770	303.47
10780	303.67
10790	304.18
10800	304.44
10810	304.97
10820	305.27
10830	305.58
10840	305.69
10850	306.0
10860	306.28
10870	306.49
10880	306.85
10890	307.21
10900	307.63
10910	308.08
10920	308.49
10930	308.83
10940	309.06
10950	309.44
10960	309.69
10970	309.97
10980	310.29
10990	310.61
11000	310.91
11010	311.21
11020	311.33
11030	311.55
11040	311.81
11050	312.04
11060	312.53
11070	312.92
11080	312.93
11090	313.29
11100	313.68
11110	314.11
11120	314.36
11130	314.63
11140	314.8
11150	315.07
11160	315.52
11170	315.87
11180	316.16
11190	316.43
11200	316.86
11210	317.28
11220	317.57
11230	317.82
11240	318.19
11250	318.5
11260	318.76
11270	318.81
11280	319.0
11290	319.39
11300	319.72
11310	319.86
11320	320.31
11330	320.68
11340	321.15
11350	321.56
11360	322.07
11370	322.49
11380	322.75
11390	323.08
11400	323.32
11410	323.7
11420	324.12
11430	324.48
11440	325.0
11450	325.39
11460	325.88
11470	326.22
11480	326.41
11490	326.71
11500	327.11
11510	327.27
11520	327.64
11530	327.92
11540	328.13
11550	328.28
11560	328.31
11570	328.69
11580	329.02
11590	329.29
11600	329.4
11610	329.68
11620	330.04
11630	330.19
11640	330.44
11650	330.65
11660	330.98
11670	331.4
11680	331.46
11690	331.8
11700	332.11
11710	332.24
11720	332.54
11730	332.8
11740	332.88
11750	333.13
11760	333.54
11770	333.79
11780	334.09
11790	334.69
11800	335.01
11810	335.2
11820	335.43
11830	335.83
11840	336.28
11850	336.53
11860	336.8
11870	337.17
11880	337.51
11890	337.74
11900	337.95
11910	338.1
11920	338.48
11930	338.72
11940	338.94
11950	339.14
11960	339.26
11970	339.55
11980	339.78
11990	340.21
12000	340.63
12010	340.92
12020	341.26
12030	341.48
12040	341.74
12050	342.12
12060	342.45
12070	342.82
12080	343.2
12090	343.31
12100	343.74
12110	343.77
12120	344.06
12130	344.42
12140	344.59
12150	344.84
12160	345.33
12170	345.6
12180	345.8
12190	346.03
12200	346.27
12210	346.67
12220	346.98
12230	347.09
12240	347.57
12250	347.87
12260	348.31
12270	348.39
12280	348.82
12290	349.12
12300	349.32
12310	349.38
12320	349.55
12330	349.69
12340	350.13
12350	350.27
12360	350.55
12370	350.73
12380	351.35
12390	351.74
12400	351.88
12410	352.14
12420	352.45
12430	352.72
12440	352.84
12450	353.2
12460	353.59
12470	353.9
12480	354.13
12490	354.36
12500	354.67
12510	354.8
12520	355.16
12530	355.46
12540	355.78
12550	356.15
12560	356.42
12570	356.55
12580	356.89
12590	357.16
12600	357.26
12610	357.52
12620	357.76
12630	357.8
12640	358.19
12650	358.68
12660	359.05
12670	359.17
12680	359.51
12690	359.78
12700	359.95
12710	360.3
12720	360.56
12730	360.91
12740	361.01
12750	361.57
12760	361.95
12770	362.15
12780	362.37
12790	362.79
12800	363.05
12810	363.29
12820	363.74
12830	363.92
12840	364.2
12850	364.35
12860	364.65
12870	364.98
12880	365.34
12890	365.5
12900	365.61
12910	365.89
12920	366.26
12930	366.64
12940	366.93
12950	367.29
12960	367.56
12970	367.77
12980	367.94
12990	368.36
13000	368.69
13010	369.03
13020	369.22
13030	369.46
13040	369.84
13050	370.3
13060	370.64
13070	370.8
13080	371.16
13090	371.31
13100	371.54
13110	371.62
13120	372.0
13130	372.38
13140	372.6
13150	372.84
13160	373.2
13170	373.45
13180	373.64
13190	373.76
13200	374.08
13210	374.32
13220	374.66
13230	375.0
13240	375.35
13250	375.7
13260	375.95
13270	376.23
13280	376.37
13290	376.59
13300	376.89
13310	377.0
13320	377.34
13330	377.52
13340	377.87
13350	378.26
13360	378.42
13370	378.87
13380	379.15
13390	379.32
13400	379.64
13410	379.94
13420	380.27
13430	380.51
13440	380.99
13450	381.12
13460	381.28
13470	381.5
13480	381.79
13490	381.95
13500	382.46
13510	382.55
13520	382.83
13530	382.96
13540	383.38
13550	383.61
13560	383.87
13570	384.09
13580	384.57
13590	385.01
13600	385.32
13610	385.59
13620	385.69
13630	386.09
13640	386.31
13650	386.51
13660	386.84
13670	387.12
13680	387.59
13690	387.62
13700	387.99
13710	388.34
13720	388.49
13730	388.75
13740	388.93
13750	389.49
13760	389.89
13770	390.14
13780	390.44
13790	390.84
13800	391.22
13810	391.53
13820	391.9
13830	392.09
13840	392.3
13850	392.72
13860	392.87
13870	393.05
13880	393.52
13890	393.8
13900	393.99
13910	394.27
13920	394.37
13930	394.62
13940	394.81
13950	394.95
13960	395.16
13970	395.46
13980	395.81
13990	396.1
14000	396.33
14010	396.79
14020	397.16
14030	397.61
14040	397.89
14050	398.05
14060	398.43
14070	398.86
14080	399.05
14090	399.28
14100	399.68
14110	399.88
14120	400.04
14130	400.34
14140	400.58
14150	400.7
14160	400.82
14170	401.25
14180	401.54
14190	401.67
14200	402.34
14210	402.58
14220	402.92
14230	403.21
14240	403.4
14250	403.45
14260	403.86
14270	404.17
14280	404.5
14290	404.63
14300	404.7
14310	405.08
14320	405.39
14330	405.61
14340	405.86
14350	406.06
14360	406.51
14370	406.86
14380	407.21
14390	407.6
14400	407.82
14410	408.03
14420	408.18
14430	408.48
14440	408.65
14450	408.79
14460	408.9
14470	409.09
14480	409.33
14490	409.48
14500	409.94
14510	410.27
14520	410.73
14530	410.95
14540	411.33
14550	411.48
14560	411.64
14570	411.96
14580	412.32
14590	412.67
14600	412.93
14610	413.22
14620	413.39
14630	413.68
14640	413.88
14650	414.27
14660	414.65
14670	414.89
14680	415.11
14690	415.43
14700	415.57
14710	415.85
14720	416.15
14730	416.57
14740	416.88
14750	417.11
14760	417.11
14770	417.31
14780	417.43
14790	417.56
14800	417.7
14810	417.92
14820	418.24
14830	418.49
14840	418.77
14850	419.04
14860	419.2
14870	419.33
14880	419.48
14890	419.83
14900	420.01
14910	420.5
14920	420.72
14930	420.96
14940	421.25
14950	421.63
14960	421.95
14970	422.2
14980	422.61
14990	422.88
15000	423.24
15010	423.59
15020	423.8
15030	424.09
15040	424.23
15050	424.53
15060	424.85
15070	425.0
15080	425.3
15090	425.67
15100	425.84
15110	426.03
15120	426.4
15130	426.52
15140	426.84
15150	426.98
15160	427.33
15170	427.42
15180	427.51
15190	428.1
15200	428.3
15210	428.46
15220	428.75
15230	428.81
15240	429.22
15250	429.52
15260	429.76
15270	429.97
15280	430.12
15290	430.27
15300	430.63
15310	430.81
15320	431.05
15330	431.16
15340	431.32
15350	431.7
15360	431.9
15370	431.94
15380	432.53
15390	432.91
15400	433.22
15410	433.2
15420	433.53
15430	433.82
15440	434.12
15450	434.48
15460	434.82
15470	435.0
15480	435.32
15490	435.39
15500	435.62
15510	436.0
15520	436.19
15530	436.24
15540	436.49
15550	436.75
15560	437.12
15570	437.44
15580	437.55
15590	438.01
15600	438.39
15610	438.81
15620	438.79
15630	439.08
15640	439.32
15650	439.55
15660	439.67
15670	440.13
15680	440.52
15690	440.75
15700	441.09
15710	441.57
15720	441.96
15730	442.27
15740	442.69
15750	442.99
15760	443.13
15770	443.53
15780	443.85
15790	444.01
15800	444.25
15810	444.5
15820	444.68
15830	445.14
15840	445.48
15850	445.62
15860	446.02
15870	446.35
15880	446.57
15890	446.98
15900	447.36
15910	447.87
15920	448.26
15930	448.44
15940	448.76
15950	449.1
15960	449.18
15970	449.72
15980	449.89
15990	450.21
16000	450.65
16010	451.0
16020	451.2
16030	451.46
16040	451.63
16050	451.84
16060	452.09
16070	452.42
16080	452.71
16090	452.91
16100	453.22
16110	453.46
16120	453.65
16130	453.98
16140	454.33
16150	454.61
16160	455.01
16170	455.24
16180	455.63
16190	455.73
16200	455.93
16210	456.15
16220	456.56
16230	456.77
16240	456.98
16250	457.31
16260	457.77
16270	458.05
16280	458.26
16290	458.59
16300	458.93
16310	459.41
16320	459.61
16330	459.86
16340	460.06
16350	460.24
16360	460.54
16370	460.71
16380	461.13
16390	461.39
16400	461.33
16410	461.56
16420	461.97
16430	461.88
16440	462.19
16450	462.56
16460	462.78
16470	463.11
16480	463.36
16490	463.47
16500	463.76
16510	464.1
16520	464.45
16530	464.75
16540	464.98
16550	465.24
16560	465.3
16570	465.32
16580	465.42
16590	465.74
16600	466.07
16610	466.53
16620	466.7
16630	466.85
16640	467.21
16650	467.36
16660	467.64
16670	467.84
16680	468.25
16690	468.66
16700	468.87
16710	469.36
16720	469.67
16730	470.1
16740	470.55
16750	470.87
16760	471.21
16770	471.47
16780	471.69
16790	472.08
16800	472.33
16810	472.71
16820	472.9
16830	473.27
16840	473.55
16850	473.98
16860	474.15
16870	474.28
16880	474.47
16890	474.89
16900	475.14
16910	475.53
16920	475.78
16930	475.85
16940	476.19
16950	476.47
16960	476.62
16970	476.87
16980	477.15
16990	477.56
17000	477.81
17010	478.12
17020	478.35
17030	478.56
17040	478.72
17050	478.99
17060	479.21
17070	479.46
17080	479.53
17090	479.66
17100	479.96
17110	480.32
17120	480.56
17130	480.84
17140	481.1
17150	481.32
17160	481.44
17170	481.64
17180	481.89
17190	481.95
17200	482.16
17210	482.3
17220	482.54
17230	482.9
17240	483.23
17250	483.34
17260	483.6
17270	483.85
17280	483.96
17290	484.36
17300	484.92
17310	485.19
17320	485.59
17330	485.91
17340	485.93
17350	486.23
17360	486.54
17370	486.89
17380	487.07
17390	487.26
17400	487.54
17410	487.78
17420	488.12
17430	488.33
17440	488.53
17450	488.76
17460	488.86
17470	489.24
17480	489.28
17490	489.56
17500	489.85
17510	490.01
17520	490.13
17530	490.42
17540	490.64
17550	491.01
17560	491.36
17570	491.67
17580	491.97
17590	492.42
17600	492.78
17610	492.94
17620	493.29
17630	493.61
17640	493.83
17650	494.14
17660	494.47
17670	494.79
17680	495.09
17690	495.3
17700	495.57
17710	495.86
17720	496.17
17730	496.43
17740	496.5
17750	496.75
17760	496.82
17770	496.99
17780	497.46
17790	497.92
17800	498.09
17810	498.39
17820	498.71
17830	498.92
17840	499.21
17850	499.43
17860	499.76
17870	500.09
17880	500.48
17890	500.47
17900	500.84
17910	501.09
17920	501.37
17930	501.55
17940	501.83
17950	502.09
17960	502.39
17970	502.75
17980	502.94
17990	503.25
18000	503.58
18010	503.75
18020	504.02
18030	504.29
18040	504.58
18050	504.89
18060	505.08
18070	505.35
18080	505.24
18090	505.43
18100	505.76
18110	505.88
18120	506.02
18130	506.15
18140	506.31
18150	506.29
18160	506.81
18170	506.87
18180	507.29
18190	507.56
18200	507.87
18210	507.91
18220	508.17
18230	508.28
18240	508.6
18250	508.81
18260	509.07
18270	509.47
18280	509.65
18290	509.88
18300	510.07
18310	510.26
18320	510.35
18330	510.44
18340	510.68
18350	510.93
18360	511.11
18370	511.21
18380	511.52
18390	511.55
18400	511.57
18410	512.07
18420	512.32
18430	512.69
18440	512.9
18450	513.03
18460	513.39
18470	513.68
18480	513.85
18490	514.14
18500	514.59
18510	514.69
18520	514.9
18530	515.21
18540	515.51
18550	515.89
18560	516.28
18570	516.39
18580	516.56
18590	516.74
18600	517.06
18610	517.45
18620	517.81
18630	517.98
18640	518.07
18650	518.21
18660	518.2
18670	518.52
18680	518.7
18690	518.95
18700	519.39
18710	519.56
18720	519.77
18730	520.15
18740	520.48
18750	520.85
18760	520.92
18770	521.21
18780	521.62
18790	521.85
18800	522.23
18810	522.3
18820	522.48
18830	522.7
18840	523.06
18850	523.46
18860	523.85
18870	524.02
18880	524.26
18890	524.29
18900	524.57
18910	524.7
18920	525.05
18930	525.53
18940	526.03
18950	526.21
18960	526.56
18970	526.78
18980	526.84
18990	527.12
19000	527.49
19010	527.91
19020	528.38
19030	528.82
19040	529.29
19050	529.71
19060	530.02
19070	530.37
19080	530.74
19090	530.87
19100	531.09
19110	531.19
19120	531.48
19130	531.87
19140	532.18
19150	532.51
19160	532.8
19170	533.01
19180	533.15
19190	533.31
19200	533.42
19210	533.71
19220	533.83
19230	534.1
19240	534.3
19250	534.53
19260	534.66
19270	534.94
19280	534.98
19290	535.28
19300	535.43
19310	535.68
19320	536.02
19330	536.48
19340	536.77
19350	537.17
19360	537.44
19370	537.88
19380	538.25
19390	538.55
19400	538.81
19410	539.16
19420	539.33
19430	539.53
19440	539.87
19450	540.05
19460	540.28
19470	540.36
19480	540.7
19490	540.89
19500	541.25
19510	541.48
19520	541.7
19530	542.02
19540	542.21
19550	542.49
19560	542.68
19570	543.03
19580	543.35
19590	543.63
19600	544.08
19610	544.28
19620	544.64
19630	544.79
19640	545.17
19650	545.35
19660	545.48
19670	545.9
19680	546.04
19690	546.34
19700	546.6
19710	546.86
19720	547.25
19730	547.35
19740	547.62
19750	547.84
19760	548.29
19770	548.47
19780	548.89
19790	549.2
19800	549.64
19810	549.95
19820	550.31
19830	550.6
19840	550.86
19850	551.17
19860	551.46
19870	551.62
19880	551.89
19890	552.19
19900	552.57
19910	552.83
19920	553.05
19930	553.39
19940	553.6
19950	553.73
19960	553.96
19970	554.25
19980	554.44
19990	554.78
20000	555.22
20010	555.52
20020	555.64
20030	555.78
20040	556.17
20050	556.38
20060	556.47
20070	556.78
20080	557.33
20090	557.7
20100	557.93
20110	558.18
20120	558.55
20130	558.89
20140	558.95
20150	559.36
20160	559.61
20170	559.98
20180	560.17
20190	560.45
20200	560.63
20210	560.82
20220	561.28
20230	561.49
20240	561.93
20250	562.06
20260	562.31
20270	562.49
20280	562.79
20290	563.18
20300	563.61
20310	563.97
20320	564.25
20330	564.4
20340	564.84
20350	564.94
20360	565.15
20370	565.33
20380	565.54
20390	565.55
20400	565.69
20410	566.02
20420	566.36
20430	566.82
20440	567.11
20450	567.32
20460	567.78
20470	568.17
20480	568.46
20490	568.7
20500	568.84
20510	569.19
20520	569.69
20530	569.73
20540	569.98
20550	570.31
20560	570.77
20570	571.11
20580	571.45
20590	571.6
20600	571.8
20610	572.11
20620	572.44
20630	572.69
20640	572.91
20650	573.16
20660	573.26
20670	573.61
20680	573.91
20690	574.15
20700	574.47
20710	574.83
20720	574.8
20730	575.08
20740	575.33
20750	575.55
20760	575.8
20770	576.06
20780	576.53
20790	576.7
20800	577.01
20810	577.22
20820	577.53
20830	577.84
20840	578.15
20850	578.36
20860	578.62
20870	578.87
20880	579.17
20890	579.61
20900	580.13
20910	580.58
20920	580.86
20930	581.17
20940	581.38
20950	581.66
20960	581.85
20970	582.12
20980	582.37
20990	582.67
21000	582.89
21010	583.1
21020	583.4
21030	583.68
21040	583.99
21050	584.27
21060	584.57
21070	584.87
21080	584.93
21090	585.27
21100	585.36
21110	585.65
21120	585.9
21130	586.31
21140	586.49
21150	586.78
21160	586.75
21170	587.02
21180	587.33
21190	587.77
21200	587.85
21210	588.09
21220	588.41
21230	588.74
21240	589.06
21250	589.2
21260	589.38
21270	589.37
21280	589.5
21290	589.83
21300	590.03
21310	590.39
21320	590.69
21330	590.96
21340	591.23
21350	591.74
21360	592.18
21370	592.71
21380	593.01
21390	593.25
21400	593.32
21410	593.55
21420	593.68
21430	594.01
21440	594.3
21450	594.46
21460	594.61
21470	594.94
21480	595.38
21490	595.65
21500	595.95
21510	596.04
21520	596.22
21530	596.65
21540	596.85
21550	597.1
21560	597.49
21570	597.58
21580	597.7
21590	598.04
21600	598.26
21610	598.5
21620	598.68
21630	599.04
21640	599.44
21650	599.84
21660	600.14
21670	600.48
21680	600.76
21690	601.28
21700	601.39
21710	601.74
21720	601.94
21730	602.04
21740	602.33
21750	602.67
21760	603.06
21770	603.1
21780	603.36
21790	603.64
21800	603.91
21810	604.21
21820	604.56
21830	604.82
21840	605.04
21850	605.39
21860	605.78
21870	606.12
21880	606.38
21890	606.68
21900	607.08
21910	607.36
21920	607.72
21930	608.16
21940	608.51
21950	608.57
21960	608.84
21970	609.0
21980	609.39
21990	609.79
22000	610.14
22010	610.27
22020	610.45
22030	610.65
22040	610.9
22050	611.22
22060	611.38
22070	611.46
22080	611.53
22090	611.69
22100	612.03
22110	612.25
22120	612.78
22130	612.86
22140	613.18
22150	613.46
22160	613.55
22170	613.88
22180	614.08
22190	614.43
22200	614.87
22210	615.21
22220	615.54
22230	615.85
22240	616.27
22250	616.52
22260	616.84
22270	617.11
22280	617.42
22290	617.63
22300	617.8
22310	617.95
22320	618.17
22330	618.4
22340	618.54
22350	618.67
22360	618.89
22370	619.46
22380	619.94
22390	620.11
22400	620.4
22410	620.44
22420	620.68
22430	621.13
22440	621.34
22450	621.63
22460	621.75
22470	622.13
22480	622.47
22490	622.77
22500	623.0
22510	623.37
22520	623.75
22530	624.08
22540	624.29
22550	624.52
22560	624.84
22570	624.96
22580	625.28
22590	625.42
22600	625.76
22610	626.15
22620	626.48
22630	626.81
22640	627.03
22650	627.34
22660	627.56
22670	627.84
22680	628.26
22690	628.54
22700	628.81
22710	629.14
22720	629.31
22730	629.61
22740	629.85
22750	630.07
22760	630.43
22770	630.72
22780	630.95
22790	631.36
22800	631.63
22810	631.82
22820	632.13
22830	632.58
22840	632.87
22850	633.24
22860	633.48
22870	633.62
22880	633.85
22890	634.18
22900	634.35
22910	634.54
22920	634.96
22930	635.23
22940	635.63
22950	635.69
22960	635.9
22970	636.05
22980	636.33
22990	636.7
23000	636.92
23010	637.15
23020	637.41
23030	637.66
23040	637.84
23050	638.19
23060	638.6
23070	638.82
23080	639.16
23090	639.34
23100	639.69
23110	639.94
23120	640.15
23130	640.33
23140	640.67
23150	641.15
23160	641.36
23170	641.56
23180	641.89
23190	642.3
23200	642.41
23210	642.51
23220	642.63
23230	642.89
23240	643.07
23250	643.31
23260	643.66
23270	643.99
23280	644.22
23290	644.31
23300	644.51
23310	644.81
23320	645.1
23330	645.37
23340	645.65
23350	645.97
23360	646.19
23370	646.61
23380	646.92
23390	647.16
23400	647.45
23410	647.83
23420	648.09
23430	648.51
23440	648.86
23450	649.15
23460	649.42
23470	649.75
23480	650.02
23490	650.41
23500	650.66
23510	650.88
23520	650.96
23530	651.1
23540	651.65
23550	651.87
23560	651.93
23570	652.31
23580	652.56
23590	652.83
23600	653.05
23610	653.2
23620	653.15
23630	653.32
23640	653.48
23650	653.62
23660	653.73
23670	654.01
23680	654.23
23690	654.73
23700	655.21
23710	655.5
23720	655.66
23730	655.8
23740	656.04
23750	656.45
23760	656.81
23770	657.06
23780	657.32
23790	657.46
23800	657.76
23810	657.98
23820	657.97
23830	658.28
23840	658.58
23850	658.83
23860	658.99
23870	659.28
23880	659.61
23890	659.61
23900	659.82
23910	660.22
23920	660.4
23930	660.73
23940	660.97
23950	661.2
23960	661.37
23970	661.71
23980	661.94
23990	662.03
24000	662.52
24010	662.77
24020	663.19
24030	663.4
24040	663.63
24050	663.82
24060	663.93
24070	664.17
24080	664.37
24090	664.42
24100	664.55
24110	664.78
24120	664.83
24130	665.24
24140	665.64
24150	665.92
24160	666.33
24170	666.57
24180	666.96
24190	667.16
24200	667.54
24210	667.97
24220	668.17
24230	668.26
24240	668.68
24250	669.0
24260	669.52
24270	669.69
24280	669.78
24290	670.22
24300	670.39
24310	670.58
24320	670.76
24330	671.03
24340	671.06
24350	671.5
24360	671.53
24370	671.76
24380	672.05
24390	672.47
24400	672.72
24410	672.97
24420	673.43
24430	673.75
24440	673.91
24450	674.17
24460	674.5
24470	674.84
24480	675.48
24490	675.53
24500	675.61
24510	675.84
24520	676.0
24530	676.31
24540	676.52
24550	676.69
24560	676.9
24570	677.18
24580	677.5
24590	677.85
24600	678.11
24610	678.38
24620	678.56
24630	678.77
24640	679.05
24650	679.06
24660	679.2
24670	679.6
24680	679.99
24690	680.52
24700	680.83
24710	681.09
24720	681.33
24730	681.8
24740	682.25
24750	682.44
24760	682.53
24770	682.9
24780	683.15
24790	683.55
24800	683.92
24810	684.15
24820	684.28
24830	684.72
24840	684.9
24850	685.3
24860	685.5
24870	685.78
24880	685.95
24890	686.22
24900	686.67
24910	686.85
24920	687.12
24930	687.43
24940	687.88
24950	688.32
24960	688.55
24970	688.86
24980	689.06
24990	689.44
25000	689.7
25010	689.99
25020	690.33
25030	690.61
25040	690.74
25050	690.95
25060	691.02
25070	691.33
25080	691.75
25090	692.08
25100	692.53
25110	692.83
25120	693.08
25130	693.29
25140	693.45
25150	693.54
25160	693.73
25170	693.89
25180	694.31
25190	694.79
25200	695.07
25210	695.3
25220	695.33
25230	695.56
25240	695.88
25250	696.09
25260	696.34
25270	696.56
25280	696.94
25290	697.1
25300	697.21
25310	697.62
25320	697.95
25330	698.16
25340	698.56
25350	698.72
25360	699.0
25370	699.43
25380	699.66
25390	700.01
25400	700.42
25410	700.76
25420	700.99
25430	700.99
25440	701.33
25450	701.47
25460	701.96
25470	702.22
25480	702.38
25490	702.64
25500	703.03
25510	703.39
25520	703.48
25530	703.58
25540	703.84
25550	704.26
25560	704.86
25570	705.15
25580	705.35
25590	705.63
25600	705.88
25610	706.07
25620	706.29
25630	706.63
25640	706.94
25650	707.19
25660	707.62
25670	707.84
25680	708.15
25690	708.32
25700	708.76
25710	709.01
25720	709.38
25730	709.9
25740	710.26
25750	710.41
25760	710.58
25770	710.73
25780	711.12
25790	711.41
25800	711.79
25810	712.05
25820	712.31
25830	712.64
25840	713.15
25850	713.43
25860	713.8
25870	713.98
25880	714.19
25890	714.42
25900	714.68
25910	714.97
25920	715.34
25930	715.56
25940	715.78
25950	715.93
25960	716.01
25970	716.44
25980	716.82
25990	717.06
26000	717.42
26010	717.53
26020	717.79
26030	718.25
26040	718.5
26050	718.77
26060	718.97
26070	719.53
26080	719.87
26090	720.19
26100	720.66
26110	720.81
26120	721.14
26130	721.21
26140	721.5
26150	721.85
26160	722.22
26170	722.47
26180	722.76
26190	723.07
26200	723.27
26210	723.51
26220	723.91
26230	724.38
26240	724.65
26250	724.93
26260	725.2
26270	725.62
26280	725.62
26290	725.99
26300	726.37
26310	726.56
26320	726.75
26330	726.87
26340	726.96
26350	727.3
26360	727.55
26370	727.72
26380	727.78
26390	728.09
26400	728.24
26410	728.49
26420	728.84
26430	728.92
26440	729.29
26450	729.62
26460	729.72
26470	730.12
26480	730.29
26490	730.37
26500	730.62
26510	731.29
26520	731.67
26530	731.91
26540	732.24
26550	732.32
26560	732.77
26570	733.09
26580	733.35
26590	733.75
26600	734.15
26610	734.47
26620	734.8
26630	735.1
26640	735.6
26650	735.7
26660	735.81
26670	736.32
26680	736.52
26690	736.86
26700	736.97
26710	737.25
26720	737.41
26730	737.79
26740	737.95
26750	738.27
26760	738.53
26770	738.77
26780	738.84
26790	739.16
26800	739.26
26810	739.55
26820	739.87
26830	739.9
26840	739.96
26850	740.27
26860	740.69
26870	740.93
26880	741.28
26890	741.68
26900	741.96
26910	742.09
26920	742.38
26930	742.61
26940	743.0
26950	743.13
26960	743.35
26970	743.85
26980	744.15
26990	744.5
27000	744.83
27010	744.99
27020	745.19
27030	745.45
27040	745.66
27050	745.92
27060	745.99
27070	746.65
27080	746.86
27090	747.0
27100	747.25
27110	747.44
27120	747.83
27130	748.08
27140	748.07
27150	748.44
27160	748.88
27170	749.26
27180	749.61
27190	749.88
27200	750.35
27210	750.54
27220	750.71
27230	750.79
27240	751.25
27250	751.54
27260	751.86
27270	752.19
27280	752.66
27290	752.97
27300	753.04
27310	753.27
27320	753.6
27330	753.8
27340	753.91
27350	754.07
27360	754.19
27370	754.21
27380	754.43
27390	754.54
27400	754.87
27410	755.02
27420	755.51
27430	755.89
27440	756.08
27450	756.41
27460	756.67
27470	757.07
27480	757.33
27490	757.51
27500	757.66
27510	758.24
27520	758.63
27530	758.55
27540	758.7
27550	758.8
27560	758.96
27570	759.07
27580	759.43
27590	759.5
27600	759.72
27610	760.1
27620	760.2
27630	760.43
27640	760.93
27650	761.4
27660	761.76
27670	762.02
27680	762.4
27690	762.79
27700	763.05
27710	763.35
27720	763.56
27730	763.82
27740	763.94
27750	764.04
27760	764.38
27770	764.51
27780	764.87
27790	765.16
27800	765.47
27810	765.83
27820	766.02
27830	766.35
27840	766.73
27850	767.28
27860	767.51
27870	767.88
27880	768.23
27890	768.46
27900	768.68
27910	768.89
27920	769.19
27930	769.64
27940	769.76
27950	770.27
27960	770.54
27970	770.94
27980	771.14
27990	771.36
28000	771.57
28010	771.96
28020	771.85
28030	772.14
28040	772.49
28050	772.8
28060	773.1
28070	773.35
28080	773.48
28090	773.68
28100	774.04
28110	774.33
28120	774.54
28130	774.72
28140	774.83
28150	775.19
28160	775.38
28170	775.65
28180	775.81
28190	775.99
28200	776.05
28210	776.4
28220	776.63
28230	776.89
28240	777.13
28250	777.63
28260	777.94
28270	778.34
28280	778.57
28290	778.75
28300	779.08
28310	779.39
28320	779.61
28330	780.02
28340	780.11
28350	780.28
28360	780.7
28370	780.89
28380	781.12
28390	781.32
28400	781.58
28410	781.97
28420	782.28
28430	782.59
28440	782.89
28450	783.13
28460	783.4
28470	783.62
28480	783.72
28490	784.01
28500	784.39
28510	784.52
28520	784.8
28530	784.9
28540	785.02
28550	785.16
28560	785.55
28570	785.62
28580	785.97
28590	786.38
28600	786.91
28610	787.04
28620	787.34
28630	787.48
28640	787.69
28650	787.9
28660	788.02
28670	788.48
28680	788.95
28690	789.39
28700	789.71
28710	789.97
28720	790.22
28730	790.54
28740	790.61
28750	790.75
28760	790.9
28770	791.04
28780	791.21
28790	791.43
28800	791.79
28810	792.31
28820	792.51
28830	792.58
28840	793.02
28850	793.22
28860	793.5
28870	793.81
28880	793.94
28890	793.94
28900	794.25
28910	794.49
28920	794.9
28930	795.42
28940	795.72
28950	795.99
28960	796.34
28970	796.54
28980	796.82
28990	796.98
29000	797.0
29010	797.31
29020	797.59
29030	797.83
29040	798.1
29050	798.29
29060	798.49
29070	798.87
29080	799.06
29090	799.29
29100	799.44
29110	799.57
29120	799.83
29130	799.85
29140	800.11
29150	800.27
29160	800.45
29170	800.57
29180	800.84
29190	801.05
29200	801.42
29210	801.94
29220	802.08
29230	802.34
29240	802.47
29250	802.6
29260	802.97
29270	803.42
29280	803.74
29290	804.09
29300	804.33
29310	804.69
29320	804.95
29330	805.36
29340	805.52
29350	805.83
29360	805.96
29370	806.18
29380	806.34
29390	806.63
29400	806.87
29410	806.93
29420	807.04
29430	807.5
29440	807.67
29450	807.88
29460	808.25
29470	808.66
29480	808.96
29490	809.38
29500	809.62
29510	809.78
29520	810.11
29530	810.4
29540	810.69
29550	810.92
29560	811.45
29570	811.66
29580	811.81
29590	812.11
29600	812.2
29610	812.49
29620	812.89
29630	813.08
29640	813.33
29650	813.53
29660	813.79
29670	813.81
29680	813.96
29690	814.3
29700	814.66
29710	814.84
29720	815.0
29730	815.12
29740	815.35
29750	815.71
29760	816.09
29770	816.5
29780	816.78
29790	817.06
29800	817.39
29810	817.69
29820	818.09
29830	818.41
29840	818.64
29850	819.0
29860	819.22
29870	819.27
29880	819.58
29890	819.63
29900	819.96
29910	820.34
29920	820.51
29930	820.96
29940	821.19
29950	821.32
29960	821.43
29970	821.34
29980	821.74
29990	821.97
30000	822.38
30010	822.7
30020	823.17
30030	823.24
30040	823.32
30050	823.58
30060	823.94
30070	824.38
30080	824.6
30090	824.81
30100	824.98
30110	825.15
30120	825.48
30130	825.74
30140	826.07
30150	826.25
30160	826.56
30170	826.85
30180	826.85
30190	826.85
30200	827.22
30210	827.31
30220	827.54
30230	827.81
30240	827.99
30250	828.29
30260	828.65
30270	828.87
30280	829.24
30290	829.41
30300	829.59
30310	829.92
30320	830.15
30330	830.34
30340	830.7
30350	830.98
30360	831.34
30370	831.74
30380	832.02
30390	832.4
30400	832.7
30410	833.13
30420	833.25
30430	833.67
30440	833.76
30450	834.14
30460	834.5
30470	834.72
30480	834.84
30490	835.1
30500	835.57
30510	836.07
30520	836.3
30530	836.75
30540	836.89
30550	837.28
30560	837.65
30570	837.96
30580	838.14
30590	838.4
30600	838.51
30610	838.85
30620	839.1
30630	839.37
30640	839.82
30650	839.95
30660	840.1
30670	840.32
30680	840.65
30690	840.76
30700	841.08
30710	841.38
30720	841.75
30730	842.09
30740	842.28
30750	842.53
30760	842.75
30770	842.99
30780	842.91
30790	843.25
30800	843.28
30810	843.45
30820	843.66
30830	843.92
30840	844.18
30850	844.64
30860	845.04
30870	845.31
30880	845.45
30890	845.75
30900	845.97
30910	846.24
30920	846.63
30930	846.81
30940	847.06
30950	847.14
30960	847.36
30970	847.56
30980	847.84
30990	848.14
31000	848.37
31010	848.66
31020	848.99
31030	849.14
31040	849.3
31050	849.59
31060	849.78
31070	850.07
31080	850.59
31090	850.73
31100	851.02
31110	851.28
31120	851.41
31130	851.6
31140	851.93
31150	852.12
31160	852.5
31170	852.57
31180	852.74
31190	853.03
31200	853.31
31210	853.6
31220	853.75
31230	853.79
31240	854.01
31250	854.01
31260	854.22
31270	854.31
31280	854.55
31290	854.72
31300	854.85
31310	855.12
31320	855.52
31330	855.78
31340	855.95
31350	856.05
31360	856.22
31370	856.49
31380	856.71
31390	857.01
31400	857.24
31410	857.58
31420	857.72
31430	858.05
31440	858.37
31450	858.53
31460	858.8
31470	859.01
31480	859.32
31490	859.82
31500	860.16
31510	860.43
31520	860.62
31530	860.85
31540	861.25
31550	861.61
31560	861.81
31570	862.04
31580	862.43
31590	862.68
31600	862.87
31610	863.16
31620	863.62
31630	863.84
31640	864.11
31650	864.39
31660	864.81
31670	865.11
31680	865.42
31690	865.89
31700	866.15
31710	866.31
31720	866.64
31730	866.85
31740	867.24
31750	867.47
31760	867.82
31770	868.07
31780	868.36
31790	868.48
31800	868.81
31810	869.12
31820	869.31
31830	869.67
31840	869.9
31850	870.0
31860	870.38
31870	870.62
31880	870.76
31890	871.15
31900	871.68
31910	871.83
31920	872.04
31930	872.59
31940	873.05
31950	873.29
31960	873.57
31970	873.87
31980	874.18
31990	874.29
32000	874.45
32010	874.75
32020	874.82
32030	875.12
32040	875.55
32050	875.75
32060	876.06
32070	876.15
32080	876.35
32090	876.58
32100	876.83
32110	877.12
32120	877.29
32130	877.63
32140	878.11
32150	878.37
32160	878.67
32170	878.93
32180	879.25
32190	879.33
32200	879.39
32210	879.61
32220	879.73
32230	880.05
32240	880.44
32250	880.89
32260	881.19
32270	881.54
32280	881.92
32290	882.3
32300	882.59
32310	882.91
32320	883.02
32330	883.18
32340	883.45
32350	883.81
32360	884.0
32370	884.32
32380	884.71
32390	884.9
32400	885.19
32410	885.49
32420	885.96
32430	886.13
32440	886.37
32450	886.61
32460	886.91
32470	887.12
32480	887.41
32490	887.43
32500	887.45
32510	887.66
32520	888.0
32530	888.18
32540	888.55
32550	888.87
32560	889.1
32570	889.53
32580	889.98
32590	890.27
32600	890.65
32610	890.91
32620	891.16
32630	891.51
32640	891.85
32650	892.18
32660	892.36
32670	892.7
32680	892.68
32690	892.82
32700	892.89
32710	893.0
32720	893.31
32730	893.65
32740	893.9
32750	894.04
32760	894.29
32770	894.55
32780	895.08
32790	895.48
32800	895.53
32810	895.86
32820	896.05
32830	896.21
32840	896.57
32850	896.92
32860	897.21
32870	897.54
32880	897.86
32890	897.96
32900	898.2
32910	898.43
32920	898.53
32930	898.76
32940	898.97
32950	899.13
32960	899.33
32970	899.62
32980	899.96
32990	900.05
33000	900.33
33010	900.72
33020	901.07
33030	901.37
33040	901.8
33050	901.82
33060	902.05
33070	902.29
33080	902.64
33090	902.69
33100	902.94
33110	903.37
33120	903.7
33130	904.02
33140	904.51
33150	904.47
33160	904.44
33170	904.69
33180	904.85
33190	904.98
33200	905.36
33210	905.72
33220	906.02
33230	906.26
33240	906.63
33250	907.02
33260	906.94
33270	907.16
33280	907.3
33290	907.51
33300	907.78
33310	907.85
33320	908.2
33330	908.64
33340	908.81
33350	908.95
33360	909.23
33370	909.45
33380	909.64
33390	909.92
33400	909.97
33410	910.17
33420	910.61
33430	910.92
33440	911.29
33450	911.42
33460	911.69
33470	912.16
33480	912.4
33490	912.76
33500	913.16
33510	913.33
33520	913.56
33530	913.7
33540	914.13
33550	914.41
33560	914.64
33570	914.84
33580	915.31
33590	915.59
33600	915.67
33610	915.95
33620	916.23
33630	916.3
33640	916.66
33650	917.2
33660	917.54
33670	917.57
33680	917.92
33690	918.02
33700	918.36
33710	918.52
33720	918.72
33730	919.01
33740	919.5
33750	919.61
33760	919.69
33770	919.94
33780	920.4
33790	920.98
33800	921.22
33810	921.6
33820	921.85
33830	922.02
33840	922.39
33850	922.64
33860	922.65
33870	922.91
33880	923.38
33890	923.92
33900	924.11
33910	924.45
33920	924.65
33930	925.12
33940	925.48
33950	925.74
33960	925.84
33970	925.93
33980	926.21
33990	926.4
34000	926.56
34010	926.86
34020	927.05
34030	927.39
34040	927.66
34050	927.94
34060	928.38
34070	928.75
34080	929.06
34090	929.44
34100	929.81
34110	930.17
34120	930.52
34130	930.78
34140	931.07
34150	931.3
34160	931.41
34170	931.87
34180	932.08
34190	932.19
34200	932.32
34210	932.58
34220	932.75
34230	933.01
34240	933.27
34250	933.65
34260	933.93
34270	934.43
34280	934.98
34290	935.11
34300	935.3
34310	935.49
34320	935.82
34330	936.15
34340	936.27
34350	936.58
34360	936.77
34370	937.17
34380	937.46
34390	937.8
34400	938.09
34410	938.51
34420	938.68
34430	938.91
34440	939.26
34450	939.5
34460	939.85
34470	939.99
34480	940.31
34490	940.73
34500	940.93
34510	941.23
34520	941.3
34530	941.54
34540	941.72
34550	941.87
34560	942.25
34570	942.61
34580	942.8
34590	943.1
34600	943.36
34610	943.66
34620	943.97
34630	944.19
34640	944.24
34650	944.26
34660	944.46
34670	944.86
34680	944.91
34690	945.29
34700	945.57
34710	945.61
34720	945.88
34730	946.07
34740	946.27
34750	946.66
34760	947.04
34770	947.19
34780	947.6
34790	948.15
34800	948.53
34810	948.92
34820	949.02
34830	949.13
34840	949.3
34850	949.49
34860	949.85
34870	950.1
34880	950.42
34890	950.81
34900	951.2
34910	951.4
34920	951.66
34930	951.88
34940	952.19
34950	952.39
34960	952.83
34970	953.09
34980	953.35
34990	953.73
35000	954.13
35010	954.24
35020	954.51
35030	954.85
35040	955.23
35050	955.53
35060	955.55
35070	955.89
35080	956.14
35090	956.39
35100	956.26
35110	956.53
35120	956.77
35130	957.16
35140	957.53
35150	957.65
35160	957.65
35170	957.96
35180	958.02
35190	958.21
35200	958.57
35210	958.78
35220	958.93
35230	959.16
35240	959.54
35250	959.5
35260	959.68
35270	960.09
35280	960.43
35290	960.48
35300	960.58
35310	961.05
35320	961.29
35330	961.56
35340	961.63
35350	961.77
35360	961.96
35370	962.3
35380	962.48
35390	962.73
35400	962.99
35410	963.16
35420	963.34
35430	963.58
35440	963.84
35450	963.96
35460	964.25
35470	964.54
35480	964.84
35490	965.12
35500	965.47
35510	965.49
35520	965.78
35530	966.07
35540	966.16
35550	966.18
35560	966.41
35570	966.57
35580	966.74
35590	967.06
35600	967.32
35610	967.42
35620	967.63
35630	967.73
35640	967.86
35650	968.23
35660	968.53
35670	968.91
35680	969.22
35690	969.54
35700	970.05
35710	970.01
35720	970.42
35730	970.83
35740	971.19
35750	971.47
35760	971.66
35770	971.74
35780	971.85
35790	972.26
35800	972.55
35810	972.81
35820	973.17
35830	973.48
35840	973.81
35850	973.97
35860	974.17
35870	974.47
35880	974.9
35890	975.13
35900	975.56
35910	975.92
35920	976.02
35930	976.21
35940	976.52
35950	977.02
35960	977.11
35970	977.19
35980	977.6
35990	977.88
36000	977.99
36010	978.25
36020	978.28
36030	978.58
36040	978.76
36050	978.9
36060	979.26
36070	979.47
36080	979.81
36090	980.25
36100	980.61
36110	980.78
36120	980.91
36130	981.26
36140	981.63
36150	982.14
36160	982.34
36170	982.59
36180	982.83
36190	982.85
36200	983.01
36210	982.92
36220	982.92
36230	983.12
36240	983.49
36250	983.65
36260	984.11
36270	984.46
36280	984.63
36290	984.89
36300	985.16
36310	985.46
36320	985.76
36330	986.02
36340	986.25
36350	986.65
36360	986.79
36370	987.14
36380	987.31
36390	987.6
36400	987.93
36410	988.34
36420	988.64
36430	988.97
36440	989.09
36450	989.24
36460	989.5
36470	989.74
36480	990.03
36490	990.45
36500	990.85
36510	991.11
36520	991.15
36530	991.42
36540	991.5
36550	991.79
36560	992.13
36570	992.51
36580	992.8
36590	993.19
36600	993.69
36610	993.81
36620	994.13
36630	994.48
36640	994.56
36650	994.85
36660	995.17
36670	995.42
36680	995.74
36690	996.11
36700	996.22
36710	996.62
36720	996.67
36730	996.95
36740	997.11
36750	997.39
36760	997.57
36770	997.83
36780	998.16
36790	998.42
36800	998.68
36810	999.21
36820	999.46
36830	999.8
36840	999.86
36850	1000.05
36860	1000.25
36870	1000.46
36880	1000.68
36890	1000.75
36900	1001.06
36910	1001.31
36920	1001.52
36930	1001.68
36940	1002.16
36950	1002.55
36960	1002.61
36970	1002.94
36980	1003.1
36990	1003.42
37000	1003.54
37010	1003.86
37020	1004.11
37030	1004.28
37040	1004.43
37050	1004.67
37060	1004.82
37070	1005.07
37080	1005.3
37090	1005.76
37100	1005.98
37110	1006.15
37120	1006.71
37130	1006.85
37140	1007.17
37150	1007.15
37160	1007.46
37170	1007.98
37180	1008.38
37190	1008.85
37200	1009.14
37210	1009.31
37220	1009.69
37230	1009.76
37240	1009.93
37250	1010.14
37260	1010.47
37270	1010.78
37280	1011.02
37290	1011.42
37300	1011.54
37310	1011.59
37320	1012.06
37330	1012.08
37340	1012.51
37350	1012.72
37360	1012.96
37370	1013.22
37380	1013.48
37390	1013.78
37400	1014.0
37410	1014.31
37420	1014.71
37430	1014.96
37440	1015.43
37450	1015.75
37460	1016.01
37470	1016.44
37480	1016.69
37490	1016.87
37500	1017.21
37510	1017.49
37520	1017.77
37530	1017.85
37540	1018.2
37550	1018.59
37560	1019.16
37570	1019.44
37580	1019.65
37590	1019.88
37600	1020.13
37610	1020.44
37620	1020.98
37630	1021.2
37640	1021.72
37650	1022.08
37660	1022.1
37670	1022.29
37680	1022.76
37690	1022.93
37700	1023.03
37710	1023.28
37720	1023.54
37730	1023.84
37740	1024.3
37750	1024.6
37760	1024.82
37770	1025.03
37780	1025.25
37790	1025.45
37800	1025.52
37810	1025.88
37820	1026.38
37830	1026.64
37840	1026.91
37850	1027.17
37860	1027.52
37870	1027.76
37880	1027.79
37890	1028.01
37900	1028.43
37910	1028.72
37920	1028.88
37930	1029.01
37940	1029.09
37950	1029.37
37960	1029.51
37970	1029.53
37980	1029.92
37990	1030.12
38000	1030.19
38010	1030.25
38020	1030.71
38030	1030.83
38040	1031.03
38050	1031.49
38060	1031.49
38070	1031.74
38080	1032.0
38090	1032.26
38100	1032.41
38110	1032.53
38120	1032.88
38130	1033.01
38140	1033.42
38150	1033.68
38160	1034.04
38170	1034.25
38180	1034.51
38190	1034.74
38200	1035.15
38210	1035.4
38220	1035.79
38230	1036.02
38240	1036.08
38250	1036.59
38260	1036.95
38270	1037.29
38280	1037.62
38290	1037.93
38300	1038.21
38310	1038.59
38320	1038.83
38330	1039.03
38340	1039.23
38350	1039.68
38360	1039.96
38370	1040.11
38380	1040.23
38390	1040.57
38400	1040.8
38410	1041.02
38420	1041.25
38430	1041.42
38440	1041.59
38450	1041.95
38460	1042.28
38470	1042.53
38480	1042.78
38490	1042.87
38500	1042.99
38510	1043.5
38520	1043.74
38530	1044.0
38540	1044.1
38550	1044.36
38560	1044.53
38570	1044.84
38580	1044.95
38590	1045.46
38600	1045.52
38610	1045.73
38620	1045.86
38630	1046.08
38640	1046.42
38650	1046.75
38660	1046.98
38670	1047.23
38680	1047.3
38690	1047.67
38700	1047.82
38710	1048.14
38720	1048.56
38730	1048.74
38740	1048.92
38750	1049.14
38760	1049.4
38770	1049.75
38780	1049.84
38790	1050.22
38800	1050.43
38810	1050.9
38820	1051.17
38830	1051.39
38840	1051.73
38850	1051.93
38860	1052.31
38870	1052.74
38880	1052.98
38890	1053.26
38900	1053.88
38910	1054.22
38920	1054.37
38930	1054.63
38940	1054.82
38950	1055.31
38960	1055.57
38970	1055.94
38980	1056.13
38990	1056.47
39000	1056.68
39010	1056.91
39020	1057.33
39030	1057.53
39040	1057.86
39050	1058.12
39060	1058.45
39070	1058.72
39080	1059.05
39090	1059.33
39100	1059.53
39110	1059.96
39120	1060.16
39130	1060.36
39140	1060.68
39150	1060.97
39160	1061.31
39170	1061.56
39180	1061.98
39190	1062.03
39200	1062.19
39210	1062.23
39220	1062.53
39230	1062.86
39240	1063.24
39250	1063.53
39260	1063.62
39270	1063.79
39280	1063.93
39290	1064.18
39300	1064.46
39310	1064.69
39320	1064.98
39330	1065.21
39340	1065.41
39350	1065.75
39360	1065.91
39370	1066.09
39380	1066.52
39390	1066.72
39400	1067.13
39410	1067.36
39420	1067.43
39430	1067.84
39440	1068.03
39450	1068.23
39460	1068.37
39470	1068.49
39480	1068.83
39490	1069.12
39500	1069.38
39510	1069.78
39520	1069.99
39530	1070.32
39540	1070.45
39550	1071.0
39560	1071.17
39570	1071.32
39580	1071.49
39590	1071.58
39600	1071.81
39610	1072.03
39620	1072.16
39630	1072.25
39640	1072.47
39650	1072.79
39660	1073.26
39670	1073.54
39680	1073.84
39690	1074.1
39700	1074.27
39710	1074.59
39720	1074.71
39730	1074.99
39740	1075.13
39750	1075.35
39760	1075.48
39770	1075.84
39780	1075.92
39790	1076.18
39800	1076.49
39810	1076.76
39820	1077.11
39830	1077.36
39840	1077.46
39850	1077.89
39860	1078.24
39870	1078.56
39880	1078.77
39890	1078.93
39900	1079.11
39910	1079.32
39920	1079.72
39930	1080.04
39940	1080.25
39950	1080.35
39960	1080.7
39970	1081.15
39980	1081.53
39990	1081.65
40000	1082.0
40010	1082.05
40020	1082.34
40030	1082.65
40040	1083.15
40050	1083.34
40060	1083.7
40070	1083.74
40080	1083.87
40090	1084.09
40100	1084.3
40110	1084.61
40120	1085.01
40130	1085.4
40140	1085.47
40150	1086.06
40160	1086.29
40170	1086.62
40180	1086.72
40190	1086.97
40200	1087.2
40210	1087.41
40220	1087.93
40230	1088.18
40240	1088.4
40250	1088.69
40260	1089.01
40270	1089.44
40280	1089.86
40290	1089.94
40300	1090.23
40310	1090.73
40320	1090.83
40330	1090.96
40340	1091.12
40350	1091.21
40360	1091.46
40370	1091.58
40380	1091.66
40390	1091.95
40400	1092.16
40410	1092.29
40420	1092.56
40430	1092.68
40440	1092.94
40450	1093.19
40460	1093.8
40470	1094.01
40480	1094.17
40490	1094.24
40500	1094.56
40510	1094.85
40520	1095.04
40530	1095.22
40540	1095.52
40550	1095.92
40560	1096.07
40570	1096.16
40580	1096.35
40590	1096.82
40600	1097.22
40610	1097.53
40620	1097.69
40630	1097.97
40640	1098.14
40650	1098.21
40660	1098.38
40670	1098.53
40680	1098.72
40690	1099.1
40700	1099.3
40710	1099.69
40720	1099.95
40730	1100.28
40740	1100.64
40750	1101.04
40760	1101.02
40770	1101.25
40780	1101.62
40790	1101.91
40800	1102.22
40810	1102.73
40820	1103.19
40830	1103.42
40840	1103.64
40850	1103.93
40860	1104.33
40870	1104.56
40880	1104.77
40890	1105.19
40900	1105.34
40910	1105.43
40920	1105.64
40930	1105.73
40940	1105.99
40950	1106.17
40960	1106.4
40970	1106.81
40980	1107.19
40990	1107.51
41000	1107.61
41010	1107.72
41020	1108.08
41030	1108.31
41040	1108.62
41050	1108.9
41060	1109.1
41070	1109.38
41080	1109.62
41090	1110.03
41100	1110.18
41110	1110.54
41120	1110.89
41130	1111.01
41140	1111.29
41150	1111.55
41160	1111.93
41170	1112.35
41180	1112.61
41190	1112.83
41200	1112.99
41210	1113.25
41220	1113.7
41230	1113.99
41240	1114.25
41250	1114.53
41260	1115.02
41270	1115.27
41280	1115.53
41290	1115.59
41300	1115.86
41310	1116.09
41320	1116.41
41330	1116.65
41340	1116.9
41350	1117.05
41360	1117.39
41370	1117.7
41380	1117.98
41390	1118.3
41400	1118.64
41410	1118.79
41420	1119.21
41430	1119.39
41440	1119.63
41450	1119.99
41460	1120.17
41470	1120.44
41480	1120.78
41490	1121.17
41500	1121.39
41510	1121.77
41520	1122.15
41530	1122.41
41540	1122.74
41550	1123.07
41560	1123.41
41570	1123.66
41580	1124.13
41590	1124.39
41600	1124.68
41610	1124.8
41620	1125.03
41630	1125.26
41640	1125.52
41650	1125.96
41660	1125.99
41670	1126.15
41680	1126.18
41690	1126.39
41700	1126.62
41710	1126.94
41720	1127.24
41730	1127.57
41740	1127.84
41750	1128.04
41760	1128.07
41770	1128.33
41780	1128.73
41790	1128.98
41800	1129.41
41810	1129.61
41820	1129.8
41830	1130.14
41840	1130.47
41850	1130.69
41860	1131.01
41870	1131.15
41880	1131.5
41890	1131.66
41900	1132.04
41910	1132.13
41920	1132.38
41930	1132.77
41940	1132.85
41950	1133.13
41960	1133.36
41970	1133.66
41980	1133.95
41990	1134.15
42000	1134.37
42010	1134.55
42020	1134.64
42030	1134.94
42040	1135.06
42050	1135.13
42060	1135.34
42070	1135.76
42080	1136.06
42090	1136.57
42100	1136.82
42110	1137.31
42120	1137.58
42130	1137.94
42140	1138.2
42150	1138.72
42160	1139.06
42170	1139.13
42180	1139.38
42190	1139.62
42200	1139.71
42210	1139.9
42220	1140.25
42230	1140.65
42240	1140.95
42250	1141.25
42260	1141.59
42270	1141.81
42280	1142.0
42290	1142.49
42300	1142.8
42310	1143.0
42320	1143.12
42330	1143.44
42340	1143.55
42350	1143.79
42360	1143.95
42370	1143.99
42380	1144.1
42390	1144.2
42400	1144.68
42410	1144.8
42420	1145.27
42430	1145.64
42440	1145.74
42450	1146.21
42460	1146.73
42470	1147.0
42480	1147.3
42490	1147.62
42500	1147.9
42510	1148.22
42520	1148.52
42530	1148.77
42540	1149.01
42550	1149.38
42560	1149.81
42570	1150.14
42580	1150.49
42590	1150.77
42600	1150.99
42610	1151.25
42620	1151.55
42630	1151.57
42640	1151.75
42650	1152.13
42660	1152.42
42670	1152.61
42680	1152.81
42690	1153.09
42700	1153.14
42710	1153.28
42720	1153.74
42730	1153.94
42740	1154.38
42750	1154.62
42760	1154.94
42770	1155.29
42780	1155.76
42790	1156.01
42800	1156.22
42810	1156.37
42820	1156.77
42830	1157.02
42840	1157.34
42850	1157.72
42860	1158.18
42870	1158.64
42880	1158.86
42890	1159.18
42900	1159.46
42910	1159.77
42920	1159.93
42930	1160.18
42940	1160.57
42950	1160.9
42960	1161.28
42970	1161.72
42980	1162.03
42990	1162.24
43000	1162.57
43010	1162.82
43020	1163.07
43030	1163.33
43040	1163.75
43050	1164.0
43060	1163.98
43070	1164.33
43080	1164.6
43090	1164.95
43100	1165.06
43110	1165.35
43120	1165.63
43130	1165.8
43140	1166.26
43150	1166.11
43160	1166.23
43170	1166.51
43180	1166.79
43190	1167.01
43200	1167.28
43210	1167.47
43220	1167.87
43230	1168.3
43240	1168.6
43250	1168.86
43260	1168.87
43270	1169.07
43280	1169.24
43290	1169.57
43300	1169.87
43310	1170.02
43320	1170.37
43330	1170.68
43340	1171.11
43350	1171.25
43360	1171.62
43370	1171.81
43380	1172.09
43390	1172.55
43400	1172.87
43410	1173.0
43420	1173.33
43430	1173.81
43440	1173.99
43450	1174.38
43460	1174.67
43470	1175.01
43480	1175.27
43490	1175.35
43500	1175.51
43510	1175.76
43520	1176.09
43530	1176.28
43540	1176.52
43550	1176.71
43560	1176.93
43570	1177.32
43580	1177.72
43590	1177.98
43600	1178.32
43610	1178.57
43620	1178.91
43630	1179.15
43640	1179.44
43650	1179.79
43660	1180.04
43670	1180.23
43680	1180.32
43690	1180.5
43700	1180.74
43710	1181.21
43720	1181.46
43730	1181.64
43740	1181.79
43750	1182.05
43760	1182.34
43770	1182.71
43780	1182.93
43790	1183.22
43800	1183.67
43810	1183.93
43820	1184.23
43830	1184.43
43840	1184.69
43850	1185.06
43860	1185.16
43870	1185.47
43880	1185.69
43890	1186.07
43900	1186.14
43910	1186.47
43920	1186.75
43930	1187.12
43940	1187.27
43950	1187.62
43960	1187.99
43970	1188.28
43980	1188.57
43990	1188.71
44000	1188.89
44010	1189.2
44020	1189.65
44030	1189.93
44040	1190.19
44050	1190.3
44060	1190.62
44070	1190.91
44080	1191.17
44090	1191.21
44100	1191.4
44110	1191.74
44120	1191.9
44130	1192.17
44140	1192.49
44150	1192.89
44160	1193.26
44170	1193.43
44180	1193.91
44190	1194.15
44200	1194.54
44210	1194.85
44220	1194.99
44230	1195.24
44240	1195.55
44250	1195.8
44260	1195.95
44270	1196.37
44280	1196.83
44290	1197.04
44300	1197.31
44310	1197.65
44320	1197.95
44330	1198.23
44340	1198.37
44350	1198.49
44360	1198.7
44370	1198.98
44380	1199.1
44390	1199.39
44400	1199.82
44410	1199.99
44420	1200.06
44430	1200.51
44440	1200.63
44450	1200.99
44460	1201.05
44470	1201.33
44480	1201.75
44490	1202.05
44500	1202.29
44510	1202.69
44520	1202.79
44530	1202.99
44540	1203.33
44550	1203.76
44560	1204.08
44570	1204.21
44580	1204.43
44590	1204.68
44600	1204.78
44610	1205.12
44620	1205.66
44630	1205.97
44640	1206.32
44650	1206.51
44660	1206.83
44670	1207.36
44680	1207.69
44690	1208.0
44700	1208.03
44710	1208.2
44720	1208.44
44730	1208.83
44740	1209.11
44750	1209.26
44760	1209.46
44770	1209.66
44780	1209.81
44790	1210.06
44800	1210.49
44810	1210.87
44820	1211.09
44830	1211.63
44840	1211.79
44850	1212.07
44860	1212.33
44870	1212.65
44880	1212.87
44890	1213.04
44900	1213.27
44910	1213.55
44920	1213.79
44930	1214.09
44940	1214.44
44950	1214.58
44960	1214.98
44970	1215.3
44980	1215.39
44990	1215.7
45000	1216.17
45010	1216.46
45020	1216.68
45030	1216.91
45040	1217.19
45050	1217.67
45060	1217.95
45070	1218.13
45080	1218.46
45090	1218.87
45100	1219.16
45110	1219.4
45120	1219.74
45130	1220.06
45140	1220.39
45150	1220.6
45160	1220.95
45170	1221.12
45180	1221.22
45190	1221.36
45200	1221.58
45210	1221.71
45220	1221.97
45230	1222.25
45240	1222.29
45250	1222.45
45260	1222.71
45270	1223.14
45280	1223.27
45290	1223.53
45300	1223.83
45310	1224.09
45320	1224.33
45330	1224.36
45340	1224.5
45350	1224.79
45360	1225.05
45370	1225.19
45380	1225.51
45390	1225.79
45400	1226.05
45410	1226.1
45420	1226.16
45430	1226.46
45440	1226.76
45450	1227.06
45460	1227.16
45470	1227.37
45480	1227.65
45490	1228.03
45500	1228.42
45510	1228.85
45520	1228.97
45530	1229.26
45540	1229.69
45550	1229.8
45560	1230.09
45570	1230.54
45580	1230.8
45590	1230.96
45600	1231.22
45610	1231.49
45620	1231.73
45630	1231.94
45640	1232.0
45650	1232.53
45660	1232.65
45670	1232.9
45680	1233.21
45690	1233.59
45700	1233.74
45710	1234.21
45720	1234.54
45730	1234.6
45740	1234.97
45750	1235.38
45760	1235.66
45770	1235.98
45780	1236.24
45790	1236.52
45800	1236.68
45810	1236.92
45820	1237.25
45830	1237.51
45840	1237.71
45850	1237.87
45860	1238.09
45870	1238.4
45880	1238.53
45890	1238.73
45900	1239.07
45910	1239.61
45920	1239.97
45930	1240.3
45940	1240.52
45950	1240.69
45960	1240.84
45970	1240.98
45980	1241.17
45990	1241.48
46000	1241.7
46010	1241.77
46020	1242.0
46030	1242.13
46040	1242.44
46050	1242.78
46060	1243.13
46070	1243.38
46080	1243.53
46090	1243.81
46100	1244.09
46110	1244.5
46120	1244.73
46130	1245.02
46140	1245.26
46150	1245.49
46160	1245.78
46170	1245.95
46180	1246.22
46190	1246.46
46200	1246.39
46210	1246.63
46220	1246.86
46230	1246.98
46240	1247.27
46250	1247.61
46260	1247.8
46270	1248.11
46280	1248.63
46290	1248.89
46300	1249.43
46310	1249.66
46320	1249.92
46330	1250.35
46340	1250.63
46350	1250.75
46360	1251.12
46370	1251.3
46380	1251.54
46390	1251.79
46400	1252.02
46410	1252.33
46420	1252.55
46430	1252.85
46440	1253.21
46450	1253.35
46460	1253.64
46470	1253.9
46480	1254.03
46490	1254.27
46500	1254.77
46510	1255.01
46520	1255.36
46530	1255.69
46540	1256.12
46550	1256.39
46560	1256.65
46570	1256.76
46580	1257.01
46590	1257.41
46600	1257.91
46610	1258.24
46620	1258.39
46630	1258.68
46640	1259.08
46650	1259.28
46660	1259.77
46670	1260.15
46680	1260.47
46690	1260.79
46700	1260.97
46710	1261.25
46720	1261.42
46730	1261.63
46740	1262.02
46750	1262.31
46760	1262.56
46770	1262.88
46780	1263.06
46790	1263.34
46800	1263.56
46810	1263.83
46820	1264.22
46830	1264.55
46840	1264.69
46850	1264.86
46860	1264.95
46870	1265.16
46880	1265.59
46890	1265.84
46900	1266.1
46910	1266.41
46920	1266.35
46930	1266.53
46940	1266.54
46950	1266.81
46960	1266.91
46970	1267.14
46980	1267.39
46990	1267.5
47000	1267.81
47010	1267.98
47020	1268.21
47030	1268.44
47040	1268.71
47050	1268.97
47060	1269.2
47070	1269.34
47080	1269.7
47090	1269.92
47100	1270.15
47110	1270.39
47120	1270.48
47130	1270.79
47140	1270.86
47150	1271.22
47160	1271.46
47170	1271.78
47180	1271.99
47190	1272.09
47200	1272.24
47210	1272.59
47220	1272.88
47230	1273.2
47240	1273.49
47250	1273.73
47260	1273.95
47270	1274.15
47280	1274.27
47290	1274.78
47300	1274.96
47310	1275.27
47320	1275.67
47330	1275.91
47340	1276.2
47350	1276.35
47360	1276.68
47370	1276.99
47380	1277.11
47390	1277.51
47400	1277.59
47410	1277.81
47420	1278.14
47430	1278.42
47440	1278.78
47450	1279.04
47460	1279.19
47470	1279.56
47480	1279.6
47490	1279.7
47500	1279.77
47510	1280.02
47520	1280.24
47530	1280.47
47540	1280.69
47550	1280.96
47560	1281.11
47570	1281.46
47580	1281.69
47590	1282.01
47600	1282.33
47610	1282.67
47620	1282.94
47630	1283.19
47640	1283.61
47650	1283.88
47660	1284.12
47670	1284.59
47680	1284.86
47690	1285.09
47700	1285.43
47710	1285.67
47720	1285.96
47730	1286.28
47740	1286.58
47750	1287.02
47760	1287.5
47770	1288.0
47780	1288.13
47790	1288.38
47800	1288.58
47810	1288.97
47820	1289.23
47830	1289.46
47840	1290.08
47850	1290.39
47860	1290.51
47870	1290.69
47880	1291.06
47890	1291.26
47900	1291.49
47910	1291.72
47920	1291.95
47930	1292.27
47940	1292.56
47950	1292.89
47960	1293.29
47970	1293.38
47980	1293.7
47990	1293.98
48000	1294.32
48010	1294.59
48020	1294.78
48030	1295.03
48040	1295.21
48050	1295.46
48060	1295.8
48070	1296.04
48080	1296.46
48090	1296.76
48100	1296.92
48110	1297.17
48120	1297.57
48130	1297.95
48140	1298.19
48150	1298.56
48160	1298.99
48170	1299.35
48180	1299.52
48190	1299.9
48200	1300.15
48210	1300.33
48220	1300.46
48230	1300.9
48240	1300.97
48250	1301.23
48260	1301.31
48270	1301.69
48280	1301.98
48290	1302.27
48300	1302.37
48310	1302.55
48320	1302.87
48330	1303.03
48340	1303.23
48350	1303.52
48360	1304.08
48370	1304.02
48380	1304.22
48390	1304.44
48400	1304.84
48410	1305.2
48420	1305.63
48430	1305.86
48440	1306.2
48450	1306.56
48460	1306.92
48470	1307.16
48480	1307.26
48490	1307.47
48500	1307.75
48510	1307.98
48520	1308.18
48530	1308.39
48540	1308.61
48550	1308.63
48560	1308.94
48570	1309.13
48580	1309.5
48590	1309.86
48600	1310.04
48610	1310.37
48620	1310.67
48630	1310.9
48640	1311.35
48650	1311.64
48660	1312.06
48670	1312.26
48680	1312.43
48690	1312.68
48700	1312.86
48710	1313.07
48720	1313.4
48730	1313.64
48740	1313.72
48750	1313.94
48760	1314.18
48770	1314.36
48780	1314.55
48790	1314.73
48800	1315.12
48810	1315.64
48820	1315.89
48830	1316.24
48840	1316.51
48850	1317.08
48860	1317.27
48870	1317.42
48880	1317.64
48890	1317.99
48900	1318.25
48910	1318.46
48920	1318.84
48930	1319.07
48940	1319.16
48950	1319.61
48960	1319.91
48970	1320.08
48980	1320.33
48990	1320.68
49000	1320.91
49010	1321.28
49020	1321.66
49030	1321.92
49040	1322.2
49050	1322.65
49060	1323.1
49070	1323.33
49080	1323.55
49090	1323.81
49100	1324.0
49110	1324.43
49120	1324.84
49130	1325.04
49140	1325.14
49150	1325.32
49160	1325.59
49170	1325.83
49180	1325.94
49190	1326.28
49200	1326.66
49210	1326.78
49220	1327.22
49230	1327.6
49240	1328.08
49250	1328.38
49260	1328.64
49270	1328.83
49280	1329.11
49290	1329.44
49300	1329.71
49310	1329.83
49320	1329.97
49330	1330.04
49340	1330.25
49350	1330.45
49360	1330.82
49370	1330.93
49380	1331.03
49390	1331.19
49400	1331.26
49410	1331.5
49420	1331.67
49430	1331.83
49440	1332.03
49450	1332.28
49460	1332.38
49470	1332.54
49480	1332.79
49490	1333.04
49500	1333.31
49510	1333.7
49520	1334.15
49530	1334.36
49540	1334.47
49550	1334.67
49560	1334.85
49570	1335.22
49580	1335.3
49590	1335.48
49600	1335.69
49610	1336.06
49620	1336.38
49630	1336.6
49640	1336.77
49650	1336.94
49660	1337.3
49670	1337.56
49680	1337.93
49690	1338.27
49700	1338.62
49710	1338.92
49720	1339.2
49730	1339.57
49740	1340.04
49750	1340.5
49760	1340.72
49770	1340.89
49780	1341.25
49790	1341.53
49800	1341.91
49810	1342.08
49820	1342.41
49830	1342.58
49840	1342.84
49850	1343.1
49860	1343.38
49870	1343.82
49880	1344.18
49890	1344.39
49900	1344.73
49910	1345.07
49920	1345.23
49930	1345.54
49940	1345.73
49950	1346.03
49960	1346.26
49970	1346.41
49980	1346.74
49990	1346.93
50000	1346.97
50010	1347.45
50020	1347.67
50030	1347.96
50040	1348.31
50050	1348.72
50060	1348.83
50070	1349.12
50080	1349.23
50090	1349.38
50100	1349.73
50110	1349.99
50120	1350.36
50130	1350.49
50140	1350.81
50150	1350.99
50160	1351.27
50170	1351.65
50180	1352.03
50190	1352.22
50200	1352.43
50210	1352.74
50220	1352.83
50230	1353.1
50240	1353.33
50250	1353.49
50260	1353.83
50270	1354.12
50280	1354.42
50290	1354.42
50300	1354.77
50310	1355.12
50320	1355.41
50330	1355.72
50340	1355.84
50350	1355.88
50360	1356.18
50370	1356.27
50380	1356.48
50390	1356.81
50400	1357.24
50410	1357.65
50420	1357.85
50430	1358.09
50440	1358.4
50450	1358.74
50460	1358.84
50470	1359.16
50480	1359.35
50490	1359.66
50500	1360.06
50510	1360.49
50520	1360.77
50530	1361.24
50540	1361.47
50550	1361.83
50560	1362.19
50570	1362.39
50580	1362.52
50590	1362.69
50600	1363.01
50610	1363.28
50620	1363.48
50630	1363.83
50640	1364.15
50650	1364.67
50660	1364.73
50670	1364.81
50680	1365.25
50690	1365.54
50700	1365.85
50710	1366.27
50720	1366.56
50730	1366.71
50740	1367.01
50750	1367.42
50760	1367.65
50770	1368.06
50780	1368.35
50790	1368.69
50800	1368.91
50810	1369.16
50820	1369.5
50830	1369.76
50840	1369.79
50850	1369.97
50860	1370.19
50870	1370.54
50880	1370.9
50890	1371.23
50900	1371.36
50910	1371.67
50920	1372.02
50930	1372.32
50940	1372.65
50950	1372.91
50960	1373.05
50970	1373.2
50980	1373.39
50990	1373.62
51000	1373.89
51010	1374.11
51020	1374.37
51030	1374.43
51040	1374.55
51050	1374.86
51060	1374.98
51070	1375.1
51080	1375.37
51090	1375.63
51100	1375.84
51110	1375.98
51120	1376.23
51130	1376.53
51140	1376.89
51150	1377.22
51160	1377.57
51170	1377.94
51180	1378.18
51190	1378.64
51200	1379.18
51210	1379.38
51220	1379.6
51230	1380.05
51240	1380.49
51250	1380.61
51260	1380.79
51270	1381.21
51280	1381.54
51290	1381.7
51300	1382.04
51310	1382.44
51320	1382.51
51330	1382.64
51340	1382.95
51350	1383.11
51360	1383.43
51370	1383.86
51380	1384.17
51390	1384.31
51400	1384.5
51410	1384.78
51420	1384.94
51430	1385.12
51440	1385.37
51450	1385.58
51460	1385.91
51470	1386.24
51480	1386.4
51490	1386.56
51500	1386.79
51510	1387.08
51520	1387.23
51530	1387.61
51540	1387.91
51550	1388.08
51560	1388.23
51570	1388.81
51580	1389.24
51590	1389.38
51600	1389.46
51610	1389.75
51620	1389.84
51630	1389.98
51640	1390.19
51650	1390.38
51660	1390.6
51670	1390.95
51680	1391.13
51690	1391.31
51700	1391.57
51710	1391.82
51720	1392.04
51730	1392.23
51740	1392.51
51750	1392.73
51760	1392.94
51770	1393.14
51780	1393.47
51790	1393.86
51800	1394.05
51810	1394.16
51820	1394.4
51830	1394.62
51840	1394.71
51850	1395.12
51860	1395.57
51870	1396.05
51880	1396.3
51890	1396.6
51900	1396.7
51910	1396.77
51920	1396.97
51930	1397.15
51940	1397.45
51950	1397.61
51960	1397.91
51970	1398.18
51980	1398.35
51990	1398.71
52000	1398.94
52010	1399.24
52020	1399.54
52030	1399.74
52040	1400.36
52050	1400.58
52060	1401.0
52070	1401.25
52080	1401.3
52090	1401.66
52100	1401.87
52110	1402.14
52120	1402.28
52130	1402.63
52140	1402.98
52150	1403.26
52160	1403.47
52170	1403.92
52180	1404.05
52190	1404.18
52200	1404.52
52210	1404.84
52220	1404.99
52230	1405.24
52240	1405.59
52250	1405.72
52260	1405.85
52270	1406.19
52280	1406.48
52290	1406.65
52300	1406.85
52310	1407.11
52320	1407.37
52330	1407.62
52340	1408.01
52350	1408.24
52360	1408.57
52370	1408.77
52380	1409.04
52390	1409.39
52400	1409.68
52410	1409.92
52420	1410.26
52430	1410.52
52440	1410.91
52450	1411.17
52460	1411.26
52470	1411.52
52480	1411.77
52490	1412.13
52500	1412.59
52510	1412.74
52520	1413.09
52530	1413.54
52540	1413.66
52550	1414.02
52560	1414.38
52570	1414.8
52580	1415.19
52590	1415.46
52600	1415.72
52610	1415.81
52620	1416.05
52630	1416.5
52640	1416.8
52650	1417.03
52660	1417.14
52670	1417.29
52680	1417.41
52690	1417.89
52700	1418.01
52710	1418.22
52720	1418.59
52730	1419.01
52740	1419.38
52750	1419.61
52760	1419.74
52770	1420.0
52780	1420.46
52790	1420.78
52800	1421.0
52810	1421.34
52820	1421.6
52830	1421.86
52840	1422.1
52850	1422.19
52860	1422.51
52870	1422.76
52880	1423.05
52890	1423.28
52900	1423.43
52910	1423.66
52920	1423.95
52930	1424.28
52940	1424.68
52950	1425.06
52960	1425.39
52970	1425.4
52980	1425.6
52990	1425.93
53000	1426.16
53010	1426.31
53020	1426.75
53030	1426.91
53040	1427.23
53050	1427.66
53060	1428.14
53070	1428.43
53080	1428.47
53090	1428.68
53100	1429.07
53110	1429.33
53120	1429.55
53130	1429.82
53140	1430.14
53150	1430.36
53160	1430.64
53170	1430.98
53180	1431.29
53190	1431.47
53200	1431.81
53210	1432.05
53220	1432.28
53230	1432.51
53240	1432.79
53250	1433.03
53260	1433.02
53270	1433.45
53280	1433.66
53290	1433.85
53300	1434.27
53310	1434.59
53320	1434.89
53330	1435.17
53340	1435.25
53350	1435.66
53360	1436.06
53370	1436.29
53380	1436.73
53390	1436.93
53400	1437.22
53410	1437.37
53420	1437.61
53430	1437.92
53440	1438.23
53450	1438.36
53460	1438.52
53470	1438.76
53480	1439.05
53490	1439.32
53500	1439.52
53510	1439.63
53520	1439.91
53530	1440.15
53540	1440.42
53550	1440.77
53560	1441.32
53570	1441.33
53580	1441.66
53590	1442.05
53600	1442.55
53610	1442.7
53620	1442.9
53630	1443.14
53640	1443.43
53650	1443.57
53660	1443.65
53670	1443.94
53680	1444.07
53690	1444.38
53700	1444.66
53710	1445.01
53720	1445.2
53730	1445.53
53740	1445.82
53750	1445.98
53760	1446.13
53770	1446.41
53780	1446.81
53790	1447.09
53800	1447.29
53810	1447.6
53820	1447.87
53830	1448.11
53840	1448.43
53850	1448.7
53860	1448.91
53870	1449.28
53880	1449.61
53890	1450.02
53900	1450.26
53910	1450.46
53920	1450.89
53930	1451.14
53940	1451.62
53950	1452.01
53960	1452.36
53970	1452.52
53980	1453.1
53990	1453.27
54000	1453.47
54010	1453.73
54020	1453.98
54030	1454.12
54040	1454.36
54050	1454.48
54060	1454.52
54070	1454.68
54080	1454.91
54090	1455.14
54100	1455.37
54110	1455.62
54120	1456.06
54130	1456.36
54140	1456.57
54150	1456.84
54160	1457.1
54170	1457.33
54180	1457.47
54190	1457.79
54200	1458.05
54210	1458.36
54220	1458.39
54230	1458.65
54240	1458.94
54250	1459.01
54260	1459.14
54270	1459.49
54280	1459.78
54290	1460.03
54300	1460.11
54310	1460.49
54320	1460.9
54330	1461.21
54340	1461.41
54350	1461.75
54360	1462.18
54370	1462.44
54380	1462.45
54390	1462.61
54400	1462.8
54410	1463.11
54420	1463.48
54430	1463.43
54440	1463.63
54450	1463.89
54460	1464.05
54470	1464.38
54480	1464.51
54490	1464.92
54500	1465.24
54510	1465.36
54520	1465.61
54530	1465.76
54540	1466.1
54550	1466.42
54560	1466.66
54570	1466.8
54580	1466.95
54590	1467.15
54600	1467.42
54610	1467.66
54620	1468.03
54630	1468.36
54640	1468.81
54650	1469.06
54660	1469.39
54670	1469.54
54680	1469.72
54690	1469.89
54700	1470.18
54710	1470.51
54720	1470.8
54730	1471.14
54740	1471.42
54750	1471.68
54760	1471.93
54770	1472.21
54780	1472.48
54790	1472.68
54800	1472.9
54810	1473.16
54820	1473.36
54830	1473.66
54840	1473.85
54850	1474.12
54860	1474.16
54870	1474.29
54880	1474.8
54890	1475.17
54900	1475.53
54910	1475.73
54920	1476.04
54930	1476.39
54940	1476.63
54950	1476.92
54960	1477.23
54970	1477.45
54980	1477.59
54990	1477.77
55000	1478.0
55010	1478.36
55020	1478.33
55030	1478.67
55040	1478.92
55050	1479.25
55060	1479.45
55070	1479.9
55080	1480.32
55090	1480.62
55100	1480.99
55110	1481.28
55120	1481.55
55130	1481.6
55140	1481.99
55150	1482.17
55160	1482.43
55170	1482.74
55180	1482.98
55190	1483.35
55200	1483.59
55210	1483.98
55220	1484.23
55230	1484.57
55240	1484.69
55250	1485.01
55260	1485.31
55270	1485.7
55280	1485.93
55290	1486.02
55300	1486.1
55310	1486.36
55320	1486.66
55330	1486.81
55340	1487.06
55350	1487.38
55360	1487.66
55370	1487.98
55380	1488.41
55390	1488.75
55400	1488.96
55410	1489.1
55420	1489.26
55430	1489.48
55440	1489.92
55450	1490.16
55460	1490.37
55470	1490.52
55480	1491.0
55490	1491.2
55500	1491.44
55510	1491.6
55520	1491.88
55530	1492.2
55540	1492.5
55550	1492.94
55560	1492.97
55570	1493.0
55580	1493.4
55590	1493.43
55600	1493.71
55610	1493.96
55620	1494.06
55630	1494.29
55640	1494.68
55650	1495.12
55660	1495.4
55670	1495.62
55680	1495.85
55690	1495.97
55700	1496.26
55710	1496.63
55720	1496.81
55730	1496.87
55740	1497.13
55750	1497.32
55760	1497.6
55770	1497.7
55780	1498.01
55790	1498.4
55800	1498.77
55810	1499.04
55820	1499.35
55830	1499.76
55840	1500.05
55850	1500.15
55860	1500.45
55870	1500.61
55880	1500.82
55890	1501.17
55900	1501.51
55910	1501.45
55920	1501.86
55930	1502.17
55940	1502.48
55950	1502.94
55960	1502.9
55970	1503.14
55980	1503.45
55990	1503.63
56000	1504.03
56010	1504.37
56020	1504.55
56030	1504.84
56040	1505.03
56050	1505.22
56060	1505.77
56070	1505.91
56080	1506.09
56090	1506.35
56100	1506.56
56110	1506.7
56120	1507.05
56130	1507.32
56140	1507.62
56150	1507.92
56160	1508.06
56170	1508.33
56180	1508.47
56190	1508.71
56200	1508.93
56210	1509.15
56220	1509.16
56230	1509.46
56240	1509.67
56250	1509.83
56260	1510.03
56270	1510.22
56280	1510.57
56290	1510.84
56300	1511.17
56310	1511.3
56320	1511.5
56330	1511.54
56340	1511.73
56350	1512.07
56360	1512.43
56370	1512.37
56380	1512.63
56390	1512.71
56400	1512.85
56410	1513.1
56420	1513.23
56430	1513.44
56440	1513.66
56450	1514.11
56460	1514.12
56470	1514.29
56480	1514.35
56490	1514.72
56500	1514.99
56510	1515.22
56520	1515.57
56530	1515.77
56540	1516.17
56550	1516.38
56560	1516.48
56570	1516.86
56580	1516.99
56590	1517.2
56600	1517.46
56610	1517.79
56620	1518.06
56630	1518.1
56640	1518.5
56650	1518.63
56660	1518.99
56670	1519.34
56680	1519.43
56690	1519.67
56700	1520.0
56710	1520.2
56720	1520.11
56730	1520.54
56740	1520.74
56750	1521.1
56760	1521.43
56770	1521.6
56780	1521.72
56790	1522.09
56800	1522.4
56810	1522.62
56820	1522.94
56830	1522.98
56840	1523.37
56850	1523.74
56860	1524.16
56870	1524.44
56880	1524.7
56890	1524.94
56900	1525.1
56910	1525.4
56920	1525.71
56930	1526.12
56940	1526.26
56950	1526.48
56960	1526.79
56970	1527.0
56980	1527.35
56990	1527.59
57000	1527.79
57010	1528.08
57020	1528.34
57030	1528.78
57040	1529.06
57050	1529.27
57060	1529.54
57070	1529.89
57080	1529.99
57090	1530.13
57100	1530.53
57110	1530.67
57120	1530.87
57130	1531.15
57140	1531.38
57150	1531.66
57160	1531.84
57170	1532.13
57180	1532.45
57190	1532.57
57200	1533.0
57210	1533.19
57220	1533.45
57230	1533.75
57240	1533.78
57250	1534.22
57260	1534.41
57270	1534.67
57280	1534.72
57290	1534.83
57300	1535.05
57310	1535.43
57320	1535.61
57330	1535.8
57340	1536.05
57350	1536.29
57360	1536.34
57370	1536.68
57380	1536.85
57390	1537.1
57400	1537.52
57410	1537.85
57420	1538.04
57430	1538.28
57440	1538.46
57450	1538.59
57460	1538.67
57470	1538.97
57480	1539.38
57490	1539.64
57500	1539.96
57510	1540.44
57520	1540.73
57530	1540.98
57540	1541.26
57550	1541.54
57560	1541.81
57570	1542.2
57580	1542.62
57590	1542.71
57600	1543.02
57610	1543.29
57620	1543.66
57630	1544.06
57640	1544.11
57650	1544.27
57660	1544.41
57670	1544.88
57680	1544.97
57690	1545.19
57700	1545.6
57710	1545.83
57720	1546.02
57730	1546.33
57740	1546.62
57750	1546.92
57760	1547.39
57770	1547.58
57780	1547.97
57790	1548.26
57800	1548.54
57810	1548.82
57820	1549.32
57830	1549.28
57840	1549.47
57850	1549.69
57860	1550.0
57870	1550.25
57880	1550.63
57890	1550.83
57900	1551.0
57910	1551.18
57920	1551.35
57930	1551.53
57940	1551.77
57950	1551.97
57960	1552.13
57970	1552.39
57980	1552.85
57990	1552.87
58000	1553.2
58010	1553.57
58020	1553.9
58030	1553.98
58040	1554.19
58050	1554.53
58060	1554.73
58070	1555.04
58080	1555.08
58090	1555.33
58100	1555.46
58110	1555.92
58120	1556.31
58130	1556.72
58140	1556.97
58150	1557.01
58160	1557.03
58170	1557.11
58180	1557.29
58190	1557.38
58200	1557.44
58210	1557.77
58220	1557.94
58230	1558.24
58240	1558.36
58250	1558.73
58260	1558.72
58270	1559.12
58280	1559.66
58290	1560.1
58300	1560.16
58310	1560.54
58320	1560.55
58330	1560.79
58340	1561.05
58350	1561.32
58360	1561.61
58370	1562.12
58380	1562.27
58390	1562.31
58400	1562.66
58410	1562.99
58420	1563.25
58430	1563.53
58440	1563.57
58450	1563.85
58460	1564.16
58470	1564.49
58480	1564.74
58490	1565.12
58500	1565.4
58510	1565.66
58520	1565.9
58530	1566.11
58540	1566.34
58550	1566.43
58560	1566.52
58570	1566.87
58580	1567.08
58590	1567.29
58600	1567.54
58610	1567.75
58620	1568.01
58630	1568.31
58640	1568.56
58650	1568.97
58660	1568.99
58670	1569.23
58680	1569.49
58690	1569.71
58700	1569.99
58710	1570.06
58720	1570.2
58730	1570.42
58740	1570.35
58750	1570.64
58760	1570.95
58770	1571.23
58780	1571.49
58790	1571.85
58800	1572.11
58810	1572.19
58820	1572.54
58830	1572.82
58840	1573.07
58850	1573.35
58860	1573.6
58870	1573.76
58880	1574.09
58890	1574.1
58900	1574.38
58910	1574.55
58920	1574.66
58930	1574.85
58940	1574.86
58950	1575.32
58960	1575.53
58970	1575.81
58980	1576.04
58990	1576.42
59000	1576.67
59010	1576.78
59020	1576.9
59030	1577.05
59040	1577.38
59050	1577.71
59060	1577.92
59070	1578.1
59080	1578.51
59090	1578.82
59100	1579.12
59110	1579.35
59120	1579.58
59130	1579.7
59140	1579.83
59150	1579.81
59160	1580.06
59170	1580.31
59180	1580.71
59190	1580.9
59200	1580.94
59210	1581.31
59220	1581.56
59230	1581.82
59240	1582.28
59250	1582.48
59260	1582.88
59270	1583.25
59280	1583.46
59290	1583.73
59300	1583.99
59310	1584.31
59320	1584.49
59330	1584.65
59340	1585.05
59350	1585.4
59360	1585.72
59370	1586.0
59380	1586.21
59390	1586.42
59400	1586.82
59410	1587.19
59420	1587.47
59430	1587.82
59440	1587.95
59450	1588.29
59460	1588.62
59470	1588.82
59480	1589.2
59490	1589.59
59500	1589.82
59510	1590.17
59520	1590.42
59530	1590.84
59540	1591.19
59550	1591.25
59560	1591.36
59570	1591.34
59580	1591.66
59590	1592.08
59600	1592.41
59610	1592.68
59620	1592.96
59630	1593.29
59640	1593.56
59650	1593.77
59660	1594.4
59670	1594.64
59680	1594.79
59690	1595.18
59700	1595.37
59710	1595.58
59720	1596.05
59730	1596.49
59740	1596.69
59750	1596.92
59760	1597.05
59770	1597.27
59780	1597.5
59790	1597.92
59800	1598.16
59810	1598.52
59820	1598.73
59830	1599.13
59840	1599.39
59850	1599.85
59860	1599.89
59870	1599.99
59880	1600.49
59890	1600.87
59900	1601.08
59910	1601.25
59920	1601.43
59930	1601.57
59940	1601.86
59950	1602.12
59960	1602.45
59970	1602.59
59980	1602.84
59990	1603.16
60000	1603.57
